[0.28116385499924945, 0.0, 9.420177, -78.547485, 0.0, 0.03068, 0.0, array([[0.05476559]])],
[0.2926180430004024, 0.0, 9.420177, -78.547485, 0.0, 0.0, 0.0, array([[0.16097262]])],
[0.3024390999999014, 0.0, 9.42171, -78.547485, 0.0005, 0.0, 0.0, array([[0.13944647]])],
[0.31248070699984964, 0.0, 9.420177, -78.547485, 0.0021, 0.0, 0.0, array([[0.17520638]])],
[0.32535829600055877, 0.0, 9.42171, -78.547485, 0.0034, 0.0, 0.0, array([[0.14370991]])],
[0.33566984000026423, 0.0, 9.420177, -78.547485, 0.0051, 0.0, 0.0, array([[0.17804903]])],
[0.3456530080002267, 0.0, 9.420177, -78.547485, 0.0065, 0.0, 0.0, array([[0.18422384]])],
[0.35486216100071033, 0.0, 9.420177, -78.547485, 0.0082, 0.0, 0.0, array([[0.18639802]])],
[0.3642852770008176, 0.0, 9.420177, -78.547485, 0.01, 0.0, 0.0, array([[0.18804607]])],
[0.37405706900062796, 0.0001, 9.420177, -78.547485, 0.0118, 0.0, 0.0, array([[0.18961829]])],
[0.38383430099929683, 0.0002, 9.420177, -78.547485, 0.0136, 0.0, 0.0, array([[0.19117915]])],
[0.3936035990009259, 0.0003, 9.42171, -78.547485, 0.0154, 0.03068, 0.0, array([[0.05692873]])],
[0.403459823999583, 0.0004, 9.42171, -78.547485, 0.0173, 0.03068, 0.0, array([[0.03820722]])],
[0.41295108499980415, 0.0005, 9.42171, -78.549019, 0.0178, 0.03068, 0.0, array([[0.03577171]])],
[0.4225683160002518, 0.0006, 9.42171, -78.549019, 0.0181, 0.03068, 0.0, array([[0.03563009]])],
[0.4322665910003707, 0.0007, 9.423244, -78.549019, 0.0184, 0.03068, 0.0, array([[-0.00200252]])],
[0.4418815600001835, 0.0008, 9.423244, -78.549019, 0.0187, 0.03068, -0.03068, array([[-0.00741915]])],
[0.4524222420004662, 0.0009, 9.424778, -78.549019, 0.0187, 0.03068, -0.03068, array([[-0.04606267]])],
[0.46219689899953664, 0.001, 9.424778, -78.549019, 0.0187, 0.03068, -0.03068, array([[-0.05185117]])],
[0.47169127100096375, 0.0011, 9.424778, -78.549019, 0.0183, 0.03068, -0.03068, array([[-0.0530095]])],
[0.4815728190005757, 0.0012, 9.424778, -78.549019, 0.0178, 0.03068, -0.03068, array([[-0.05354737]])],
[0.4910011329993722, 0.0013, 9.426312, -78.55056, 0.0173, 0.061359, 0.0, array([[-0.18982267]])],
[0.5007646110007045, 0.0014, 9.426312, -78.549019, 0.0168, 0.061359, 0.0, array([[-0.21061056]])],
[0.5135363059998781, 0.0015, 9.426312, -78.549019, 0.015, 0.061359, 0.0, array([[-0.21504526]])],
[0.5354029270001774, 0.0016, 9.427846, -78.549019, 0.0129, 0.061359, 0.0, array([[-0.25508506]])],
[0.554518057999303, 0.0018, 9.427846, -78.549019, 0.0087, 0.03068, 0.0, array([[-0.16616905]])],
[0.57709777799937, 0.0018, 9.430913, -78.549019, 0.0037, 0.03068, 0.0, array([[-0.23216282]])],
[0.598515067000335, 0.0018, 9.430913, -78.549019, 0.0005, 0.03068, 0.0, array([[-0.24440409]])],
[0.6098833729993203, 0.0018, 9.432447, -78.547485, -0.0041, 0.061359, 0.0, array([[-0.38545292]])],
[0.6245534900008352, 0.0018, 9.432447, -78.547485, -0.0065, 0.061359, 0.0, array([[-0.40835528]])],
[0.6359596210004383, 0.0017, 9.432447, -78.547485, -0.0141, 0.061359, 0.0, array([[-0.41737353]])],
[0.6462547930004803, 0.0016, 9.433981, -78.547485, -0.0181, 0.061359, 0.03068, array([[-0.45950526]])],
[0.6569470419999561, 0.0015, 9.433981, -78.547485, -0.0222, 0.061359, 0.03068, array([[-0.46883448]])],
[0.6668332669996744, 0.0013, 9.433981, -78.547485, -0.0267, 0.061359, 0.03068, array([[-0.47354431]])],
[0.6774850980000338, 0.0011, 9.433981, -78.547485, -0.0313, 0.061359, 0.03068, array([[-0.47763527]])],
[0.6870857890007755, 0.0008, 9.432447, -78.547485, -0.036, 0.061359, 0.03068, array([[-0.44387101]])],
[0.6969810900009179, 0.0005, 9.433981, -78.545952, -0.0407, 0.0, 0.0, array([[-0.28410917]])],
[0.7074319170005765, 0.0001, 9.432447, -78.545952, -0.0451, 0.0, 0.0, array([[-0.22557253]])],
[0.7173696350000682, -0.0003, 9.430913, -78.544418, -0.0479, 0.0, 0.0, array([[-0.18103243]])],
[0.7285805390001769, -0.0007, 9.430913, -78.544418, -0.0501, 0.0, 0.0, array([[-0.1759852]])],
[0.7388732740000705, -0.0012, 9.42938, -78.544418, -0.0519, 0.0, 0.0, array([[-0.13875536]])],
[0.7488575690003927, -0.0017, 9.427846, -78.542885, -0.0536, -0.092039, 0.061359, array([[0.19738787]])],
[0.7588229640005011, -0.0022, 9.424778, -78.542885, -0.0549, -0.092039, 0.061359, array([[0.32246553]])],
[0.768570276999526, -0.0027, 9.424778, -78.542885, -0.053, -0.092039, 0.061359, array([[0.34259151]])],
[0.7793709600009606, -0.0032, 9.423244, -78.541351, -0.0498, -0.092039, 0.061359, array([[0.38577916]])],
[0.7893209730009403, -0.0036, 9.42171, -78.541351, -0.0464, -0.092039, 0.061359, array([[0.43257382]])],
[0.8003207309993741, -0.004, 9.420177, -78.541351, -0.0426, -0.153398, 0.061359, array([[0.67618147]])],
[0.8100152959996194, -0.0047, 9.420177, -78.541351, -0.034, -0.153398, 0.061359, array([[0.71898705]])],
[0.8199162900000374, -0.0047, 9.418641, -78.542885, -0.034, -0.153398, 0.061359, array([[0.76329299]])],
[0.8307343150008819, -0.005, 9.418641, -78.542885, -0.0269, -0.153398, 0.061359, array([[0.77513991]])],
[0.8410950190009316, -0.0053, 9.417108, -78.542885, -0.0117, -0.092039, -0.03068, array([[0.62988298]])],
[0.8509924410009262, -0.0054, 9.417108, -78.544418, -0.004, -0.092039, -0.03068, array([[0.61376663]])],
[0.8612486000001809, -0.0054, 9.417108, -78.545952, 0.0022, -0.092039, -0.03068, array([[0.61590578]])],
[0.8711546100003034, -0.0054, 9.418641, -78.547485, 0.0083, -0.092039, -0.03068, array([[0.58289188]])],
[0.8807400749992667, -0.0054, 9.418641, -78.547485, 0.0144, -0.092039, -0.03068, array([[0.58242512]])],
[0.8905431620005402, -0.0053, 9.418641, -78.549019, 0.0202, 0.03068, -0.122718, array([[0.19461743]])],
[0.9003918149992387, -0.0051, 9.420177, -78.55056, 0.026, 0.03068, -0.122718, array([[0.1028778]])],
[0.910688031999598, -0.0049, 9.42171, -78.552094, 0.0279, 0.03068, -0.122718, array([[0.05272014]])],
[0.9204347470003995, -0.0047, 9.423244, -78.553627, 0.0289, 0.03068, -0.122718, array([[0.00810884]])],
[0.9298506350005482, -0.0045, 9.424778, -78.555161, 0.0294, 0.03068, -0.122718, array([[-0.03603847]])],
[0.9392482660005044, -0.0045, 9.424778, -78.556694, 0.0294, 0.03068, -0.122718, array([[-0.04265485]])],
[0.9495424010001443, -0.0043, 9.426312, -78.558228, 0.0291, 0.122718, -0.153398, array([[-0.37568675]])],
[0.9592924749995291, -0.0041, 9.42938, -78.559761, 0.0287, 0.122718, -0.153398, array([[-0.50156051]])],
[0.9695196800003032, -0.0039, 9.430913, -78.561295, 0.025, 0.122718, -0.153398, array([[-0.56095157]])],
[0.9811085809997167, -0.0037, 9.432447, -78.562828, 0.02, 0.122718, -0.153398, array([[-0.61135986]])],
[0.9914381050002703, -0.0034, 9.433981, -78.562828, 0.0088, 0.184078, -0.122718, array([[-0.8609911]])],
[1.0042412900002091, -0.0034, 9.437049, -78.562828, 0.0027, 0.184078, -0.122718, array([[-0.97858129]])],
[1.0146267889995215, -0.0034, 9.438581, -78.562828, -0.0059, 0.184078, -0.122718, array([[-1.]])],
[1.0250154360001034, -0.0034, 9.440116, -78.562828, -0.0156, 0.184078, -0.122718, array([[-1.00000001]])],
[1.0350766329993348, -0.0035, 9.441649, -78.562828, -0.0256, 0.184078, -0.122718, array([[-1.00000001]])],
[1.045158476999859, -0.0037, 9.443182, -78.562828, -0.0356, 0.153398, 0.0, array([[-1.]])],
[1.0557468000006338, -0.004, 9.443182, -78.562828, -0.0456, 0.153398, 0.0, array([[-1.00000001]])],
[1.0658663649992377, -0.0044, 9.443182, -78.559761, -0.0556, 0.153398, 0.0, array([[-1.00000001]])],
[1.0759077849997993, -0.0049, 9.443182, -78.559761, -0.0656, 0.153398, 0.0, array([[-1.00000001]])],
[1.0872558409992052, -0.0055, 9.443182, -78.556694, -0.0756, 0.153398, 0.0, array([[-1.00000001]])],
[1.0986545460000343, -0.0062, 9.443182, -78.553627, -0.0856, 0.03068, 0.153398, array([[-0.72562471]])],
[1.1087174370004504, -0.007, 9.441649, -78.552094, -0.0956, 0.03068, 0.153398, array([[-0.65404869]])],
[1.1186588860000484, -0.0079, 9.440116, -78.547485, -0.1028, 0.03068, 0.153398, array([[-0.61081766]])],
[1.1284966500006703, -0.0089, 9.438581, -78.545952, -0.1093, 0.03068, 0.153398, array([[-0.57127617]])],
[1.1382732719994237, -0.0099, 9.435514, -78.542885, -0.1154, 0.03068, 0.153398, array([[-0.49420507]])],
[1.1484389390006982, -0.011, 9.433981, -78.539818, -0.1211, -0.153398, 0.276117, array([[0.13893304]])],
[1.1595235490003688, -0.0122, 9.430913, -78.535217, -0.126, -0.153398, 0.276117, array([[0.30585456]])],
[1.1696202599996468, -0.0134, 9.427846, -78.53215, -0.1247, -0.153398, 0.276117, array([[0.40743235]])],
[1.1805585120000615, -0.0146, 9.423244, -78.529083, -0.1217, -0.153398, 0.276117, array([[0.53832948]])],
[1.1916684560001158, -0.0169, 9.42171, -78.526016, -0.1137, -0.276117, 0.306796, array([[0.99360464]])],
[1.2019281960001535, -0.018, 9.418641, -78.522942, -0.1084, -0.276117, 0.306796, array([[1.00000001]])],
[1.2121281740000995, -0.019, 9.414039, -78.521408, -0.0985, -0.276117, 0.306796, array([[1.00000001]])],
[1.222477761000846, -0.0199, 9.414039, -78.519875, -0.0885, -0.276117, 0.306796, array([[1.00000001]])],
[1.2375844140005938, -0.0207, 9.41097, -78.518341, -0.0785, -0.276117, 0.306796, array([[1.00000001]])],
[1.2498364340008266, -0.0214, 9.407902, -78.518341, -0.0685, -0.245437, 0.153398, array([[1.00000001]])],
[1.2600853349995305, -0.022, 9.406366, -78.518341, -0.0585, -0.245437, 0.153398, array([[1.00000001]])],
[1.2711164110005484, -0.0225, 9.404833, -78.518341, -0.0485, -0.245437, 0.153398, array([[1.00000001]])],
[1.2815407140005846, -0.0232, 9.404833, -78.519875, -0.0285, -0.245437, 0.153398, array([[1.00000001]])],
[1.2959657589999551, -0.0234, 9.404833, -78.521408, -0.0185, -0.092039, -0.061359, array([[0.96089666]])],
[1.3100564729993494, -0.0235, 9.404833, -78.524475, -0.0085, -0.092039, -0.061359, array([[0.96237905]])],
[1.32043757899919, -0.0235, 9.406366, -78.529083, 0.0011, -0.092039, -0.061359, array([[0.93182414]])],
[1.3304438440009108, -0.0234, 9.407902, -78.53215, 0.0203, -0.092039, -0.061359, array([[0.90345071]])],
[1.3413847930005431, -0.0232, 9.407902, -78.535217, 0.0296, 0.061359, -0.276117, array([[0.41598841]])],
[1.352211213999908, -0.023, 9.409436, -78.538284, 0.0386, 0.061359, -0.276117, array([[0.31170255]])],
[1.36217072799991, -0.0227, 9.41097, -78.542885, 0.0427, 0.061359, -0.276117, array([[0.2612547]])],
[1.372107410999888, -0.0223, 9.412505, -78.545952, 0.0458, 0.061359, -0.276117, array([[0.21812107]])],
[1.381861955000204, -0.0219, 9.414039, -78.549019, 0.0484, 0.061359, -0.276117, array([[0.17574195]])],
[1.3923929590000625, -0.0215, 9.417108, -78.553627, 0.0505, 0.184078, -0.368155, array([[-0.29674196]])],
[1.4024085740002192, -0.021, 9.420177, -78.558228, 0.0522, 0.184078, -0.368155, array([[-0.44198253]])],
[1.4121866090008552, -0.0205, 9.42171, -78.561295, 0.0493, 0.184078, -0.368155, array([[-0.50367495]])],
[1.422343116000775, -0.0201, 9.424778, -78.564362, 0.0449, 0.184078, -0.368155, array([[-0.59181285]])],
[1.4323017740007344, -0.0197, 9.427846, -78.568962, 0.0399, 0.184078, -0.368155, array([[-0.68435936]])],
[1.4425630440000532, -0.0194, 9.42938, -78.572029, 0.034, 0.245437, -0.337476, array([[-0.93640306]])],
[1.4530557960006263, -0.0191, 9.432447, -78.573563, 0.0272, 0.245437, -0.337476, array([[-1.00000001]])],
[1.4643368140004895, -0.0189, 9.433981, -78.57663, 0.0179, 0.245437, -0.337476, array([[-1.00000001]])],
[1.474588393999511, -0.0188, 9.435514, -78.578163, 0.0079, 0.245437, -0.337476, array([[-1.00000001]])],
[1.4847681400005968, -0.0188, 9.437049, -78.579697, -0.0021, 0.245437, -0.337476, array([[-1.00000001]])],
[1.495198901000549, -0.0188, 9.438581, -78.58123, -0.0121, 0.184078, -0.214757, array([[-1.00000001]])],
[1.5055395489998773, -0.0189, 9.440116, -78.58123, -0.0221, 0.184078, -0.214757, array([[-1.00000001]])],
[1.5164330339994194, -0.0191, 9.443182, -78.582764, -0.0321, 0.184078, -0.214757, array([[-1.00000001]])],
[1.5269013729994185, -0.0194, 9.443182, -78.58123, -0.0421, 0.184078, -0.214757, array([[-1.00000001]])],
[1.5388802220004436, -0.0198, 9.444716, -78.579697, -0.0521, 0.184078, -0.214757, array([[-1.00000001]])],
[1.5529340939992835, -0.0203, 9.444716, -78.578163, -0.0621, 0.122718, 0.03068, array([[-1.]])],
[1.5652560430007725, -0.0216, 9.443182, -78.575096, -0.0821, 0.122718, 0.03068, array([[-0.99999999]])],
[1.57647292799993, -0.0224, 9.443182, -78.572029, -0.0921, 0.122718, 0.03068, array([[-1.]])],
[1.588937595999596, -0.0233, 9.441649, -78.567429, -0.102, 0.122718, 0.03068, array([[-0.99440434]])],
[1.5992340609991516, -0.0243, 9.440116, -78.562828, -0.112, -0.061359, 0.276117, array([[-0.37506689]])],
[1.6150402130006114, -0.0254, 9.438581, -78.559761, -0.1219, -0.061359, 0.276117, array([[-0.25168195]])],
[1.6282768260007288, -0.0278, 9.433981, -78.552094, -0.1293, -0.061359, 0.276117, array([[-0.12524141]])],
[1.6384390469993377, -0.029, 9.432447, -78.545952, -0.1318, -0.061359, 0.276117, array([[-0.07032969]])],
[1.6494418199999927, -0.0303, 9.42938, -78.542885, -0.133, -0.214757, 0.398835, array([[0.5026048]])],
[1.660040836999542, -0.0316, 9.426312, -78.536751, -0.1337, -0.214757, 0.398835, array([[0.66358745]])],
[1.670953291000842, -0.0329, 9.423244, -78.53215, -0.1287, -0.214757, 0.398835, array([[0.76702288]])],
[1.6814299329998903, -0.0353, 9.420177, -78.52755, -0.1155, -0.214757, 0.398835, array([[0.86780718]])],
[1.6931582830002299, -0.0364, 9.418641, -78.524475, -0.1079, -0.245437, 0.429515, array([[1.]])],
[1.7036442419994273, -0.0374, 9.415573, -78.519875, -0.0993, -0.245437, 0.429515, array([[1.00000001]])],
[1.7138726430002862, -0.0383, 9.414039, -78.518341, -0.0893, -0.245437, 0.429515, array([[1.00000001]])],
[1.7240870429995994, -0.0391, 9.412505, -78.515274, -0.0793, -0.245437, 0.429515, array([[1.00000001]])],
[1.734428427000239, -0.0398, 9.41097, -78.513741, -0.0693, -0.245437, 0.429515, array([[1.00000001]])],
[1.7451097829998616, -0.0404, 9.41097, -78.513741, -0.0593, -0.153398, 0.214757, array([[0.97500173]])],
[1.7558203389999107, -0.0409, 9.409436, -78.512207, -0.0493, -0.153398, 0.214757, array([[0.99999999]])],
[1.7667202079992421, -0.0413, 9.409436, -78.513741, -0.0396, -0.153398, 0.214757, array([[1.]])],
[1.7800491830003011, -0.0416, 9.41097, -78.513741, -0.0297, -0.153398, 0.214757, array([[0.99671258]])],
[1.7926274900000863, -0.0418, 9.41097, -78.515274, -0.0197, -0.153398, 0.214757, array([[0.99999995]])],
[1.8034514310002123, -0.0419, 9.412505, -78.518341, 0.0001, 0.0, -0.03068, array([[0.49068625]])],
[1.8135758770004031, -0.0419, 9.414039, -78.519875, 0.01, 0.0, -0.03068, array([[0.38378427]])],
[1.823993698000777, -0.0418, 9.415573, -78.522942, 0.0149, 0.0, -0.03068, array([[0.33352654]])],
[1.8354673630001344, -0.0417, 9.417108, -78.526016, 0.0187, 0.0, -0.03068, array([[0.29092665]])],
[1.8459546430003684, -0.0416, 9.418641, -78.529083, 0.022, 0.122718, -0.245437, array([[-0.14283276]])],
[1.8560885290007718, -0.0414, 9.42171, -78.533684, 0.0249, 0.122718, -0.245437, array([[-0.28139809]])],
[1.865818913000112, -0.0412, 9.42171, -78.536751, 0.0235, 0.122718, -0.245437, array([[-0.30318725]])],
[1.8783490780006105, -0.041, 9.424778, -78.539818, 0.0207, 0.122718, -0.245437, array([[-0.38417388]])],
[1.8884272939994844, -0.0408, 9.426312, -78.544418, 0.0177, 0.122718, -0.245437, array([[-0.43634517]])],
[1.9008815769993817, -0.0407, 9.427846, -78.547485, 0.0139, 0.214757, -0.337476, array([[-0.77879507]])],
[1.912104877999809, -0.0406, 9.430913, -78.552094, 0.0053, 0.214757, -0.337476, array([[-0.91209271]])],
[1.9228100969994557, -0.0406, 9.432447, -78.555161, -0.0024, 0.214757, -0.337476, array([[-0.97557219]])],
[1.9339309999995749, -0.0406, 9.433981, -78.558228, -0.0115, 0.214757, -0.337476, array([[-1.00000001]])],
[1.9444588290007232, -0.0407, 9.435514, -78.561295, -0.0212, 0.153398, -0.337476, array([[-0.88221297]])],
[1.954719452000063, -0.0409, 9.437049, -78.562828, -0.0312, 0.153398, -0.337476, array([[-0.90978453]])],
[1.9649133710008755, -0.0412, 9.437049, -78.565895, -0.04, 0.153398, -0.337476, array([[-0.9203906]])],
[1.9759392680007295, -0.0416, 9.438581, -78.567429, -0.049, 0.153398, -0.337476, array([[-0.96640415]])],
[1.98672060699937, -0.042, 9.438581, -78.567429, -0.0582, 0.153398, -0.337476, array([[-0.98007106]])],
[1.9999120049997146, -0.0425, 9.438581, -78.568962, -0.0678, 0.061359, -0.153398, array([[-0.69515345]])],
[2.0101532579992636, -0.0431, 9.437049, -78.568962, -0.0776, 0.061359, -0.153398, array([[-0.62187392]])],
[2.0203010349996475, -0.0438, 9.437049, -78.568962, -0.0845, 0.061359, -0.153398, array([[-0.61598077]])],
[2.0307227819994296, -0.0446, 9.435514, -78.567429, -0.0907, 0.061359, -0.153398, array([[-0.58180992]])],
[2.041385096999875, -0.0464, 9.435514, -78.565895, -0.1029, -0.061359, 0.061359, array([[-0.19369873]])],
[2.0513650970005983, -0.0474, 9.433981, -78.564362, -0.1087, -0.061359, 0.061359, array([[-0.10201027]])],
[2.0618049620006786, -0.0484, 9.430913, -78.562828, -0.1106, -0.061359, 0.061359, array([[-0.01402618]])],
[2.078315291000763, -0.0495, 9.42938, -78.561295, -0.1116, -0.061359, 0.061359, array([[0.03620167]])],
[2.0891790320001746, -0.0506, 9.426312, -78.556694, -0.1117, -0.061359, 0.061359, array([[0.11929059]])],
[2.100946491000286, -0.0517, 9.423244, -78.553627, -0.1114, -0.214757, 0.184078, array([[0.69759363]])],
[2.1110997140003747, -0.0539, 9.42171, -78.552094, -0.1092, -0.214757, 0.184078, array([[0.82365279]])],
[2.121517978999691, -0.0549, 9.418641, -78.549019, -0.1023, -0.214757, 0.184078, array([[0.92329445]])],
[2.1324188910002704, -0.0559, 9.417108, -78.547485, -0.0941, -0.214757, 0.184078, array([[0.98204338]])],
[2.1437588759999926, -0.0568, 9.415573, -78.544418, -0.0849, -0.184078, 0.214757, array([[0.93744644]])],
[2.1555702429996018, -0.0576, 9.414039, -78.542885, -0.0751, -0.184078, 0.214757, array([[0.97578676]])],
[2.1679331260002073, -0.0583, 9.412505, -78.541351, -0.0658, -0.184078, 0.214757, array([[1.]])],
[2.180184623999594, -0.0589, 9.412505, -78.541351, -0.0561, -0.184078, 0.214757, array([[1.]])],
[2.192107971000951, -0.0594, 9.412505, -78.541351, -0.0461, -0.184078, 0.214757, array([[1.]])],
[2.203206075999333, -0.0601, 9.414039, -78.541351, -0.0263, -0.061359, 0.092039, array([[0.62890902]])],
[2.214336072000151, -0.0603, 9.414039, -78.541351, -0.0163, -0.061359, 0.092039, array([[0.58063157]])],
[2.229614292000406, -0.0604, 9.415573, -78.542885, -0.0101, -0.061359, 0.092039, array([[0.54010646]])],
[2.243771381999977, -0.0605, 9.418641, -78.544418, -0.0043, -0.061359, 0.092039, array([[0.46261187]])],
[2.255365573000745, -0.0605, 9.42171, -78.545952, 0.0065, 0.153398, -0.061359, array([[-0.30275231]])],
[2.2660035230001085, -0.0605, 9.424778, -78.547485, 0.0111, 0.153398, -0.061359, array([[-0.48974874]])],
[2.2758739210003114, -0.0604, 9.426312, -78.549019, 0.0081, 0.153398, -0.061359, array([[-0.55781136]])],
[2.2860151679997216, -0.0604, 9.42938, -78.55056, 0.0033, 0.153398, -0.061359, array([[-0.64721527]])],
[2.2964540499997383, -0.0604, 9.432447, -78.552094, -0.0022, 0.214757, -0.153398, array([[-0.93632643]])],
[2.306951738999487, -0.0604, 9.435514, -78.553627, -0.0086, 0.214757, -0.153398, array([[-1.00000001]])],
[2.3171320170004037, -0.0604, 9.437049, -78.555161, -0.0179, 0.214757, -0.153398, array([[-1.00000001]])],
[2.3342978689997835, -0.0605, 9.440116, -78.555161, -0.0279, 0.214757, -0.153398, array([[-1.00000001]])],
[2.346916271999362, -0.061, 9.443182, -78.556694, -0.0479, 0.245437, -0.092039, array([[-1.00000001]])],
[2.357668257000114, -0.0614, 9.446249, -78.556694, -0.0579, 0.245437, -0.092039, array([[-1.00000001]])],
[2.367821482999716, -0.0619, 9.446249, -78.556694, -0.0679, 0.245437, -0.092039, array([[-1.00000001]])],
[2.377994578000653, -0.0625, 9.446249, -78.555161, -0.0779, 0.245437, -0.092039, array([[-1.00000001]])],
[2.388232158000392, -0.0632, 9.447783, -78.555161, -0.0879, 0.245437, -0.092039, array([[-1.00000001]])],
[2.399666856999829, -0.064, 9.447783, -78.553627, -0.0979, 0.092039, 0.061359, array([[-1.00000001]])],
[2.4117878069992003, -0.0649, 9.446249, -78.552094, -0.1079, 0.092039, 0.061359, array([[-0.99999997]])],
[2.423447547000251, -0.067, 9.446249, -78.549019, -0.1279, 0.092039, 0.061359, array([[-1.]])],
[2.4364601819997915, -0.0682, 9.444716, -78.547485, -0.1378, 0.092039, 0.061359, array([[-0.99972038]])],
[2.4470966049993876, -0.0695, 9.441649, -78.542885, -0.1478, -0.092039, 0.153398, array([[-0.34333171]])],
[2.459126125999319, -0.0709, 9.440116, -78.541351, -0.1577, -0.092039, 0.153398, array([[-0.21445072]])],
[2.4710204389994033, -0.0724, 9.437049, -78.538284, -0.1611, -0.092039, 0.153398, array([[-0.12203296]])],
[2.4809469589999935, -0.0756, 9.433981, -78.535217, -0.1653, -0.092039, 0.153398, array([[-0.03569709]])],
[2.4938359360003233, -0.0772, 9.42938, -78.53215, -0.1665, -0.276117, 0.276117, array([[0.67776475]])],
[2.5047533920005662, -0.0788, 9.424778, -78.529083, -0.1668, -0.276117, 0.276117, array([[0.89793272]])],
[2.5160858380004356, -0.0804, 9.42171, -78.526016, -0.1601, -0.276117, 0.276117, array([[0.99999998]])],
[2.527580399000726, -0.082, 9.418641, -78.522942, -0.1512, -0.276117, 0.276117, array([[1.00000001]])],
[2.538301340000544, -0.0835, 9.414039, -78.521408, -0.1413, -0.276117, 0.276117, array([[1.00000001]])],
[2.5486225450003985, -0.0849, 9.41097, -78.519875, -0.1313, -0.306796, 0.214757, array([[1.00000001]])],
[2.559273672999552, -0.0862, 9.407902, -78.519875, -0.1213, -0.306796, 0.214757, array([[1.00000001]])],
[2.573364665000554, -0.0874, 9.406366, -78.519875, -0.1113, -0.306796, 0.214757, array([[1.00000001]])],
[2.585473651000939, -0.0895, 9.404833, -78.519875, -0.0913, -0.306796, 0.214757, array([[1.00000001]])],
[2.6005672390001564, -0.0904, 9.403298, -78.521408, -0.0813, -0.214757, 0.0, array([[1.00000001]])],
[2.6124751850002212, -0.0912, 9.401763, -78.524475, -0.0713, -0.214757, 0.0, array([[1.00000001]])],
[2.62347310900077, -0.0925, 9.400229, -78.526016, -0.0513, -0.214757, 0.0, array([[1.00000001]])],
[2.6342172660006327, -0.093, 9.400229, -78.529083, -0.0413, -0.214757, 0.0, array([[1.00000001]])],
[2.645768615999259, -0.0934, 9.400229, -78.53215, -0.0313, -0.061359, -0.184078, array([[0.96498046]])],
[2.657608572000754, -0.0937, 9.401763, -78.536751, -0.0213, -0.061359, -0.184078, array([[0.92921039]])],
[2.669339420999677, -0.0939, 9.403298, -78.539818, -0.0117, -0.061359, -0.184078, array([[0.89301467]])],
[2.6797451679994992, -0.094, 9.404833, -78.544418, -0.0025, -0.061359, -0.184078, array([[0.85646656]])],
[2.6898585420003656, -0.094, 9.404833, -78.547485, 0.0064, -0.061359, -0.184078, array([[0.85752648]])],
[2.706536085999687, -0.094, 9.407902, -78.552094, 0.0149, 0.092039, -0.368155, array([[0.29816828]])],
[2.7182914900004107, -0.0937, 9.41097, -78.558228, 0.0319, 0.092039, -0.368155, array([[0.15114973]])],
[2.728022503999455, -0.0934, 9.414039, -78.562828, 0.0348, 0.092039, -0.368155, array([[0.05555814]])],
[2.738226203000522, -0.0931, 9.417108, -78.567429, 0.0363, 0.092039, -0.368155, array([[-0.03335175]])],
[2.748772512000869, -0.0928, 9.42171, -78.572029, 0.0368, 0.276117, -0.398835, array([[-0.74779733]])],
[2.760164998999244, -0.0925, 9.424778, -78.575096, 0.0365, 0.276117, -0.398835, array([[-0.93075679]])],
[2.7704030179993424, -0.0922, 9.42938, -78.579697, 0.0291, 0.276117, -0.398835, array([[-1.00000001]])],
[2.7813995579999755, -0.092, 9.432447, -78.584297, 0.0198, 0.276117, -0.398835, array([[-1.00000001]])],
[2.79477088800013, -0.0919, 9.435514, -78.585831, -0.0002, 0.337476, -0.337476, array([[-1.00000001]])],
[2.806835797999156, -0.0919, 9.440116, -78.588898, -0.0102, 0.337476, -0.337476, array([[-1.00000001]])],
[2.8216963060003764, -0.092, 9.443182, -78.590431, -0.0202, 0.337476, -0.337476, array([[-1.00000001]])],
[2.8341232639995724, -0.0925, 9.446249, -78.591965, -0.0402, 0.337476, -0.337476, array([[-1.00000001]])],
[2.8470511049999914, -0.0929, 9.449316, -78.591965, -0.0502, 0.276117, -0.122718, array([[-1.00000001]])],
[2.8598007389991835, -0.0934, 9.452382, -78.590431, -0.0602, 0.276117, -0.122718, array([[-1.00000001]])],
[2.8723420740006986, -0.094, 9.453915, -78.588898, -0.0702, 0.276117, -0.122718, array([[-1.00000001]])],
[2.884648527000536, -0.0955, 9.455448, -78.585831, -0.0902, 0.276117, -0.122718, array([[-1.00000001]])],
[2.896707027000957, -0.0964, 9.456982, -78.582764, -0.1002, 0.153398, 0.153398, array([[-1.00000001]])],
[2.9079916770006093, -0.0974, 9.456982, -78.578163, -0.1102, 0.153398, 0.153398, array([[-1.00000001]])],
[2.9187129130004905, -0.0985, 9.458514, -78.575096, -0.1202, 0.153398, 0.153398, array([[-1.00000001]])],
[2.9298228099996777, -0.0997, 9.458514, -78.570496, -0.1302, 0.153398, 0.153398, array([[-1.00000001]])],
[2.9412794540003233, -0.101, 9.456982, -78.565895, -0.1402, 0.153398, 0.153398, array([[-1.00000001]])],
[2.952982602000702, -0.1039, 9.456982, -78.561295, -0.1602, 0.0, 0.398835, array([[-1.00000001]])],
[2.964347003000512, -0.1055, 9.456982, -78.555161, -0.1702, 0.0, 0.398835, array([[-1.]])],
[2.9763536900009058, -0.1072, 9.453915, -78.549019, -0.1802, 0.0, 0.398835, array([[-0.96497072]])],
[2.9877457290003804, -0.109, 9.45085, -78.542885, -0.1902, 0.0, 0.398835, array([[-0.89148323]])],
[3.0007320780005102, -0.1109, 9.449316, -78.536751, -0.1998, -0.122718, 0.490874, array([[-0.45766179]])],
[3.011426450999352, -0.1128, 9.446249, -78.529083, -0.2087, -0.122718, 0.490874, array([[-0.32357564]])],
[3.022286510000413, -0.1169, 9.443182, -78.522942, -0.2177, -0.122718, 0.490874, array([[-0.23456704]])],
[3.0334062750007433, -0.119, 9.440116, -78.516808, -0.2209, -0.122718, 0.490874, array([[-0.14802362]])],
[3.0449855269998807, -0.1212, 9.435514, -78.512207, -0.2232, -0.276117, 0.552233, array([[0.46666355]])],
[3.0556398169992462, -0.1234, 9.430913, -78.506065, -0.2246, -0.276117, 0.552233, array([[0.67116282]])],
[3.067568948999906, -0.1256, 9.426312, -78.501465, -0.22, -0.276117, 0.552233, array([[0.818601]])],
[3.0780458549998, -0.1278, 9.423244, -78.496864, -0.2133, -0.276117, 0.552233, array([[0.92123004]])],
[3.090869517000101, -0.1299, 9.417108, -78.492256, -0.2052, -0.276117, 0.552233, array([[1.00000001]])],
[3.10233178999988, -0.1319, 9.414039, -78.489189, -0.196, -0.398835, 0.429515, array([[1.00000001]])],
[3.114062708000347, -0.1356, 9.409436, -78.486122, -0.176, -0.398835, 0.429515, array([[1.00000001]])],
[3.1251622130002943, -0.1373, 9.406366, -78.484589, -0.166, -0.398835, 0.429515, array([[1.00000001]])],
[3.136469217000922, -0.1389, 9.403298, -78.484589, -0.156, -0.398835, 0.429515, array([[1.00000001]])],
[3.1479626950003876, -0.1404, 9.400229, -78.484589, -0.146, -0.306796, 0.122718, array([[1.00000001]])],
[3.161770577000425, -0.1418, 9.398694, -78.486122, -0.136, -0.306796, 0.122718, array([[1.00000001]])],
[3.1740799189992686, -0.1443, 9.395623, -78.489189, -0.116, -0.306796, 0.122718, array([[1.00000001]])],
[3.186499969999204, -0.1454, 9.394089, -78.492256, -0.106, -0.306796, 0.122718, array([[1.00000001]])],
[3.1978634299994155, -0.1464, 9.392554, -78.495331, -0.096, -0.184078, -0.184078, array([[1.00000001]])],
[3.2083758270000544, -0.1473, 9.391019, -78.499931, -0.086, -0.184078, -0.184078, array([[1.00000001]])],
[3.219093153000358, -0.1481, 9.389484, -78.504532, -0.076, -0.184078, -0.184078, array([[1.00000001]])],
[3.2318906849995983, -0.1488, 9.387948, -78.50914, -0.066, -0.184078, -0.184078, array([[1.00000001]])],
[3.2446446850008215, -0.1499, 9.387948, -78.516808, -0.046, -0.092039, -0.429515, array([[1.00000001]])],
[3.255284042999847, -0.1503, 9.387948, -78.522942, -0.036, -0.092039, -0.429515, array([[1.00000001]])],
[3.266647548000037, -0.1506, 9.387948, -78.529083, -0.026, -0.092039, -0.429515, array([[1.00000001]])],
[3.278137567000158, -0.1508, 9.387948, -78.536751, -0.016, -0.092039, -0.429515, array([[1.00000001]])],
[3.289105682999434, -0.1509, 9.389484, -78.544418, -0.006, -0.092039, -0.429515, array([[1.00000001]])],
[3.300268037999558, -0.1509, 9.391019, -78.552094, 0.004, 0.03068, -0.613592, array([[0.92240761]])],
[3.310889460999533, -0.1509, 9.392554, -78.559761, 0.014, 0.03068, -0.613592, array([[0.88023205]])],
[3.3209122589996696, -0.1508, 9.394089, -78.565895, 0.0232, 0.03068, -0.613592, array([[0.84278482]])],
[3.335068403999685, -0.1506, 9.395623, -78.573563, 0.032, 0.03068, -0.613592, array([[0.80578303]])],
[3.347011329000452, -0.1499, 9.398694, -78.58123, 0.0488, 0.153398, -0.674952, array([[0.34475613]])],
[3.357673684000474, -0.1495, 9.401763, -78.590431, 0.0568, 0.153398, -0.674952, array([[0.2058291]])],
[3.3681043069991574, -0.149, 9.404833, -78.596573, 0.0602, 0.153398, -0.674952, array([[0.11179379]])],
[3.3783202939994226, -0.1484, 9.409436, -78.602699, 0.0622, 0.153398, -0.674952, array([[-0.01434289]])],
[3.3884931089996826, -0.1478, 9.414039, -78.608833, 0.0633, 0.153398, -0.674952, array([[-0.14594731]])],
[3.398604518000866, -0.1472, 9.417108, -78.614967, 0.0632, 0.337476, -0.613592, array([[-0.82940606]])],
[3.409393464000459, -0.1466, 9.42171, -78.618034, 0.0618, 0.337476, -0.613592, array([[-1.]])],
[3.4201513339994563, -0.146, 9.426312, -78.624168, 0.0536, 0.337476, -0.613592, array([[-1.00000001]])],
[3.436324999000135, -0.1455, 9.432447, -78.627235, 0.0436, 0.337476, -0.613592, array([[-1.00000001]])],
[3.450828688999536, -0.1448, 9.438581, -78.631836, 0.0236, 0.460194, -0.398835, array([[-1.00000001]])],
[3.4634061390006536, -0.1446, 9.444716, -78.633369, 0.0136, 0.460194, -0.398835, array([[-1.00000001]])],
[3.476167331000397, -0.1445, 9.449316, -78.633369, -0.0064, 0.460194, -0.398835, array([[-1.00000001]])],
[3.492901752000762, -0.1445, 9.455448, -78.631836, -0.0164, 0.460194, -0.398835, array([[-1.00000001]])],
[3.5074158200004604, -0.1448, 9.461579, -78.628769, -0.0364, 0.398835, -0.03068, array([[-1.00000001]])],
[3.533887212999616, -0.1451, 9.466178, -78.624168, -0.0464, 0.398835, -0.03068, array([[-1.00000001]])],
[3.5559963140003674, -0.1466, 9.476906, -78.613434, -0.0764, 0.368155, 0.337476, array([[-1.00000001]])],
[3.577292416999626, -0.1481, 9.484567, -78.601166, -0.0964, 0.368155, 0.337476, array([[-1.00000001]])],
[3.596891537999909, -0.15, 9.490694, -78.587364, -0.1164, 0.368155, 0.337476, array([[-1.00000001]])],
[3.6115754839993315, -0.1523, 9.495291, -78.573563, -0.1364, 0.306796, 0.613592, array([[-1.00000001]])],
[3.626601686999493, -0.155, 9.499885, -78.561295, -0.1564, 0.306796, 0.613592, array([[-1.00000001]])],
[3.6495960310003284, -0.1565, 9.502949, -78.55056, -0.1664, 0.306796, 0.613592, array([[-1.00000001]])],
[3.667008985999928, -0.1598, 9.509074, -78.533684, -0.1864, 0.276117, 0.736311, array([[-1.00000001]])],
[3.6829596890001994, -0.1635, 9.512136, -78.518341, -0.2064, 0.276117, 0.736311, array([[-1.00000001]])],
[3.7014628420001827, -0.1676, 9.5152, -78.507607, -0.2264, 0.214757, 0.76699, array([[-1.00000001]])],
[3.7169891459998325, -0.1721, 9.518261, -78.495331, -0.2464, 0.214757, 0.76699, array([[-1.00000001]])],
[3.7386745210005756, -0.1745, 9.518261, -78.486122, -0.2564, 0.214757, 0.76699, array([[-1.00000001]])],
[3.7578501210009563, -0.1796, 9.519793, -78.473846, -0.2764, 0.092039, 0.644272, array([[-1.00000001]])],
[3.776013000999228, -0.1851, 9.518261, -78.464638, -0.2964, 0.092039, 0.644272, array([[-1.00000001]])],
[3.791136448000543, -0.191, 9.518261, -78.460037, -0.3164, 0.092039, 0.644272, array([[-1.00000001]])],
[3.808651680999901, -0.1941, 9.5152, -78.455429, -0.3264, -0.03068, 0.368155, array([[-1.00000001]])],
[3.824927308000042, -0.2006, 9.512136, -78.453896, -0.3464, -0.03068, 0.368155, array([[-1.00000001]])],
[3.8409790589994373, -0.2075, 9.507543, -78.452362, -0.3664, -0.03068, 0.368155, array([[-1.00000001]])],
[3.859006684999258, -0.2111, 9.502949, -78.452362, -0.3764, -0.245437, 0.122718, array([[-1.00000001]])],
[3.8748617630008084, -0.2186, 9.496822, -78.455429, -0.3964, -0.245437, 0.122718, array([[-1.00000001]])],
[3.8898910770003567, -0.2265, 9.490694, -78.458496, -0.4164, -0.245437, 0.122718, array([[-1.00000001]])],
[3.906208197999149, -0.2306, 9.483034, -78.463104, -0.4264, -0.368155, -0.153398, array([[-1.00000001]])],
[3.9229216580006323, -0.2391, 9.473841, -78.467712, -0.4464, -0.368155, -0.153398, array([[-1.00000001]])],
[3.940537906000827, -0.248, 9.463113, -78.473846, -0.4664, -0.368155, -0.153398, array([[-0.77776983]])],
[3.9617751910009247, -0.2526, 9.449316, -78.47998, -0.4764, -0.613592, -0.337476, array([[0.00945858]])],
[3.986463866000122, -0.267, 9.432447, -78.489189, -0.4995, -0.613592, -0.337476, array([[0.65907849]])],
[4.175704499999483, -0.2768, 9.409436, -78.499931, -0.4995, -0.859029, -0.398835, array([[1.00000001]])],
[4.233671710000635, -0.3597, 9.226493, -78.587364, -0.376, -0.951068, -0.460194, array([[1.00000001]])],
[4.263165427000786, -0.3804, 9.157137, -78.584297, -0.316, -1.196505, 0.061359, array([[1.00000001]])],
[4.2948836110008415, -0.3894, 9.117021, -78.575096, -0.286, -1.196505, 0.061359, array([[1.00000001]])],
[4.329214770999897, -0.3975, 9.06915, -78.559761, -0.256, -1.380583, 0.368155, array([[1.00000001]])],
[4.364195639000172, -0.4047, 9.004222, -78.533684, -0.226, -1.380583, 0.368155, array([[1.00000001]])],
[4.399007234000237, -0.4129, 8.925276, -78.498398, -0.186, -1.840777, 0.736311, array([[1.00000001]])],
[4.425766968999596, -0.418, 8.830703, -78.455429, -0.156, -2.36233, 1.043107, array([[1.00000001]])],
[4.45308769499934, -0.4222, 8.745302, -78.417061, -0.126, -2.36233, 1.043107, array([[1.00000001]])],
[4.476730537999174, -0.4255, 8.64578, -78.371002, -0.096, -3.098641, 1.411262, array([[1.00000001]])],
[4.50245573400025, -0.4272, 8.541437, -78.321869, -0.076, -3.098641, 1.411262, array([[1.00000001]])],
[4.528128422000009, -0.429, 8.411983, -78.260429, -0.046, -4.203107, 1.932816, array([[1.00000001]])],
[4.602931363999232, -0.4297, 8.265151, -78.180527, -0.026, -4.203107, 1.932816, array([[1.]])],
[4.641155687000719, -0.429, 7.783181, -77.77903, 0.054, -6.320001, 4.724661, array([[0.99999999]])],
[4.677097756000876, -0.4272, 7.479572, -77.379982, 0.084, -7.424467, 8.74369, array([[0.99999999]])],
[4.711004064000008, -0.4234, 7.176554, -76.784767, 0.1236, -7.424467, 8.74369, array([[0.99999999]])],
[4.742875543999617, -0.4195, 6.781561, -75.929749, 0.1533, -8.528934, 15.9534, array([[1.]])],
[4.789278751000893, -0.4129, 6.284738, -74.777931, 0.1929, -13.406992, 30.925055, array([[1.]])],
[4.8906490150002355, -0.4047, 5.68653, -73.725937, 0.2329, -13.65243, 25.832237, array([[0.99999999]])],
[4.912453540999195, -0.3772, 4.690178, -73.229889, 0.3329, -9.572041, 1.779418, array([[-1.00000001]])],
[4.94763258400053, -0.367, 4.52189, -73.332184, 0.3626, -9.572041, 1.779418, array([[1.00000001]])],
[4.996463688999938, -0.3565, 4.333972, -73.600815, 0.3326, -7.17903, -5.338253, array([[-1.00000001]])],
[5.437250147000668, -0.339, 4.218094, -74.148605, 0.3826, -3.589515, -9.725438, array([[-1.00000001]])],
[5.504005414999483, -0.2659, 7.093946, -83.345535, -0.0574, 13.038836, -35.833794, array([[1.00000001]])],
[5.6482916090008075, -0.2715, 7.539015, -84.597374, -0.1274, 7.393787, -20.156507, array([[-1.00000001]])],
[5.66776645400023, -0.2793, 8.063376, -86.713448, 0.0126, 2.607767, -13.65243, array([[1.00000001]])],
[5.681738450000921, -0.2792, 8.100933, -86.96991, -0.0074, 2.607767, -13.65243, array([[1.00000001]])],
[5.694598463000148, -0.2792, 8.130661, -87.165443, 0.0126, 2.607767, -13.805827, array([[1.00000001]])],
[5.7100153640003555, -0.2791, 8.188538, -87.336655, 0.0226, 2.607767, -13.805827, array([[1.00000001]])],
[5.724354817000858, -0.2789, 8.216686, -87.547791, 0.0326, 2.607767, -13.805827, array([[1.00000001]])],
[5.7378847599993605, -0.2782, 8.237013, -87.75148, 0.0526, 2.607767, -13.805827, array([[1.00000001]])],
[5.7506880199998704, -0.2777, 8.266714, -87.944656, 0.0626, 2.515728, -13.805827, array([[1.00000001]])],
[5.764488128999801, -0.2771, 8.285469, -88.122673, 0.0726, 2.515728, -13.805827, array([[1.00000001]])],
[5.778304073999607, -0.2756, 8.302659, -88.303932, 0.0926, 2.515728, -13.805827, array([[1.00000001]])],
[5.791678986999614, -0.2747, 8.308909, -88.482277, 0.1026, 2.515728, -13.805827, array([[1.00000001]])],
[5.80695425399972, -0.2726, 8.305784, -88.631523, 0.1226, 1.073787, -13.284274, array([[1.00000001]])],
[5.819934545999786, -0.2714, 8.293283, -88.771629, 0.1326, 1.073787, -13.284274, array([[1.00000001]])],
[5.833344286000283, -0.2701, 8.280781, -88.887146, 0.1426, 1.073787, -13.284274, array([[1.00000001]])],
[5.851555553999788, -0.2672, 8.26984, -88.990387, 0.1626, -0.76699, -9.081166, array([[-1.00000001]])],
[5.865751233999617, -0.2639, 8.222941, -89.104439, 0.1826, -0.76699, -9.081166, array([[-1.00000001]])],
[5.8792675040003815, -0.2621, 8.168205, -89.184608, 0.1726, -0.76699, -9.081166, array([[-1.00000001]])],
[5.892732136000632, -0.2604, 8.105627, -89.241653, 0.1626, -0.76699, -9.081166, array([[-1.]])],
[5.908025594999344, -0.2573, 8.032075, -89.280205, 0.1426, -3.589515, -5.491652, array([[-1.00000001]])],
[5.923330674999306, -0.2559, 7.928763, -89.297165, 0.1326, -3.589515, -5.491652, array([[1.]])],
[5.937326450999535, -0.2534, 7.817619, -89.284836, 0.1126, -3.589515, -5.491652, array([[1.00000001]])],
[5.95188836700072, -0.2523, 7.709605, -89.23703, 0.1226, -6.718836, -0.245437, array([[1.00000001]])],
[5.9698538560005545, -0.2498, 7.589086, -89.15377, 0.1426, -6.718836, -0.245437, array([[1.00000001]])],
[5.983761266999863, -0.2484, 7.426407, -89.00425, 0.1526, -6.718836, -0.245437, array([[1.00000001]])],
[5.99769697299962, -0.2453, 7.279541, -88.822449, 0.1726, -8.897089, 7.884662, array([[1.00000001]])],
[6.011317057000269, -0.2436, 7.132902, -88.599205, 0.1826, -8.897089, 7.884662, array([[1.00000001]])],
[6.0252149579991965, -0.2418, 6.961657, -88.307007, 0.1926, -8.897089, 7.884662, array([[1.00000001]])],
[6.038887904000148, -0.2379, 6.764512, -87.938522, 0.2126, -8.897089, 7.884662, array([[1.00000001]])],
[6.078024112999628, -0.2358, 6.566507, -87.607498, 0.2226, -12.82408, 21.782528, array([[1.00000001]])],
[6.102780066999912, -0.2264, 6.022902, -86.960747, 0.2626, -12.82408, 21.782528, array([[1.00000001]])],
[6.123985329999414, -0.2183, 5.724473, -86.780602, 0.2926, -13.805827, 17.057867, array([[-1.00000001]])],
[6.170366069000011, -0.2124, 5.512319, -86.765343, 0.3126, -13.805827, 17.057867, array([[-1.00000001]])],
[6.21856437399947, -0.2006, 5.186348, -87.168503, 0.2726, -10.891264, 2.607767, array([[1.00000001]])],
[6.2552963800008, -0.1881, 5.10957, -88.179489, 0.2226, -5.706409, -10.768546, array([[1.00000001]])],
[6.271156528000574, -0.1787, 5.108065, -88.948776, 0.2626, -0.644272, -23.071072, array([[-1.00000001]])],
[6.284879697999713, -0.1761, 5.076466, -89.20311, 0.2726, -0.644272, -23.071072, array([[-1.00000001]])],
[6.299473695000415, -0.1708, 5.034347, -89.391235, 0.2526, -1.472622, -17.211264, array([[-1.00000001]])],
[6.312910145999922, -0.1683, 4.98322, -89.570114, 0.2426, -1.472622, -17.211264, array([[-1.]])],
[6.325778665999678, -0.1636, 4.932107, -89.728958, 0.2226, -1.472622, -17.211264, array([[-0.99999988]])],
[6.34287195700017, -0.1614, 4.873493, -89.861565, 0.2126, -1.472622, -17.211264, array([[0.3659326]])],
[6.358501258000615, -0.1573, 4.786341, -90.0373, 0.1928, -4.01903, -11.627575, array([[-0.89035479]])],
[6.37315081899942, -0.1554, 4.708209, -90.191383, 0.1964, -4.01903, -11.627575, array([[-1.00000001]])],
[6.387640251999983, -0.1517, 4.636086, -90.334618, 0.1786, -4.01903, -11.627575, array([[-1.00000001]])],
[6.401678424999773, -0.15, 4.562461, -90.474693, 0.1686, -4.878059, -9.725438, array([[-1.00000001]])],
[6.415245142999993, -0.1469, 4.487325, -90.606995, 0.1486, -4.878059, -9.725438, array([[-1.00000001]])],
[6.433910207999361, -0.1455, 4.418183, -90.745361, 0.1386, -4.878059, -9.725438, array([[-1.00000001]])],
[6.449325908000901, -0.143, 4.311408, -90.952728, 0.1186, -5.583691, -10.277672, array([[-1.00000001]])],
[6.464577957000074, -0.1419, 4.243689, -91.138405, 0.1086, -5.583691, -10.277672, array([[-1.00000001]])],
[6.4781576540008246, -0.14, 4.16086, -91.32695, 0.0886, -5.583691, -10.277672, array([[-1.00000001]])],
[6.499766691000332, -0.1392, 4.117157, -91.496956, 0.0786, -5.583691, -10.277672, array([[-1.00000001]])],
[6.535249582999313, -0.1379, 4.059855, -91.75856, 0.0586, -4.233787, -12.210487, array([[-1.]])],
[6.556704926000748, -0.1365, 4.032697, -92.155792, 0.0186, -1.533981, -11.596895, array([[-1.00000001]])],
[6.569643359000111, -0.1364, 4.047786, -92.393906, -0.0014, -1.533981, -11.596895, array([[-1.00000001]])],
[6.583388282000669, -0.1364, 4.068905, -92.53582, -0.0114, -1.533981, -11.596895, array([[-1.00000001]])],
[6.5999318009999115, -0.1367, 4.099066, -92.697556, -0.0314, 1.319224, -11.320778, array([[1.00000001]])],
[6.613940814999296, -0.137, 4.15182, -92.905075, -0.0414, 1.319224, -11.320778, array([[1.00000001]])],
[6.629711511999631, -0.1377, 4.210566, -93.0989, -0.0214, 1.319224, -11.320778, array([[1.00000001]])],
[6.646357641999202, -0.1379, 4.28583, -93.320297, -0.0114, 1.319224, -11.320778, array([[1.00000001]])],
[6.663484384000185, -0.138, 4.386609, -93.578552, 0.0086, 3.98835, -13.376312, array([[1.00000001]])],
[6.676797050000459, -0.1379, 4.506862, -93.893745, 0.0286, 3.98835, -13.376312, array([[1.00000001]])],
[6.69254612000077, -0.1377, 4.60303, -94.158829, 0.0386, 3.98835, -13.376312, array([[-1.]])],
[6.707610741999815, -0.137, 4.745773, -94.539474, 0.0586, 7.056312, -18.499809, array([[-1.00000001]])],
[6.723395183000321, -0.1365, 4.868985, -94.853157, 0.0486, 7.056312, -18.499809, array([[-1.00000001]])],
[6.7426554760004365, -0.1358, 4.999759, -95.139519, 0.0286, 7.056312, -18.499809, array([[-1.00000001]])],
[6.757607853000081, -0.1355, 5.16376, -95.446213, 0.0086, 8.375536, -19.911072, array([[-1.00000001]])],
[6.770916853000017, -0.1355, 5.285802, -95.64357, -0.0014, 8.375536, -19.911072, array([[-1.00000001]])],
[6.787834651000594, -0.1355, 5.405009, -95.805496, -0.0114, 8.375536, -19.911072, array([[-1.00000001]])],
[6.801810122000461, -0.1358, 5.55923, -95.972046, -0.0314, 8.620972, -12.76272, array([[-1.00000001]])],
[6.815327659000104, -0.1365, 5.707775, -96.083076, -0.0514, 8.620972, -12.76272, array([[-1.00000001]])],
[6.829256012000769, -0.137, 5.855202, -96.150917, -0.0614, 8.620972, -12.76272, array([[-1.00000001]])],
[6.842649006999636, -0.1376, 6.012213, -96.184837, -0.0714, 8.620972, -12.76272, array([[-1.00000001]])],
[6.859099977000369, -0.1391, 6.17432, -96.177132, -0.0914, 10.768546, -5.460972, array([[-1.00000001]])],
[6.87918637599978, -0.14, 6.364641, -96.113914, -0.1014, 10.768546, -5.460972, array([[-1.00000001]])],
[6.892528620999656, -0.1421, 6.569595, -95.951996, -0.1214, 10.768546, -5.460972, array([[-1.00000001]])],
[6.90707267399921, -0.1446, 6.685532, -95.782372, -0.1414, 11.044662, 5.215535, array([[-1.00000001]])],
[6.9215451660002145, -0.146, 6.778461, -95.549515, -0.1514, 11.044662, 5.215535, array([[-1.00000001]])],
[6.934647591000612, -0.1475, 6.835843, -95.265869, -0.1614, 11.044662, 5.215535, array([[-1.00000001]])],
[6.956890674999158, -0.1508, 6.852914, -94.922401, -0.1814, 5.246214, 18.254372, array([[-1.00000001]])],
[6.970315489999848, -0.1545, 6.792414, -94.175697, -0.2014, 5.246214, 18.254372, array([[-1.00000001]])],
[6.988509983999393, -0.1565, 6.750566, -93.717735, -0.2114, 5.246214, 18.254372, array([[-1.00000001]])],
[7.005970109999907, -0.1608, 6.739722, -93.217979, -0.2314, -2.454369, 32.305637, array([[1.00000001]])],
[7.019545486000425, -0.1655, 6.786212, -92.840981, -0.2514, -2.454369, 32.305637, array([[1.00000001]])],
[7.033424744000513, -0.168, 6.84981, -92.604485, -0.2414, -2.454369, 32.305637, array([[1.00000001]])],
[7.04821108500073, -0.1727, 6.936785, -92.403061, -0.2214, 3.957671, 19.573595, array([[-1.00000001]])],
[7.061300370000026, -0.1749, 7.034773, -92.222961, -0.2114, 3.957671, 19.573595, array([[-1.00000001]])],
[7.07591496600071, -0.177, 7.129784, -92.079445, -0.2214, 3.957671, 19.573595, array([[-1.00000001]])],
[7.092474655999467, -0.1815, 7.254564, -91.945023, -0.2414, 3.957671, 19.573595, array([[-1.00000001]])],
[7.109249254999668, -0.1864, 7.406084, -91.80748, -0.2614, 7.363108, 10.431069, array([[-1.00000001]])],
[7.125523570999576, -0.189, 7.551531, -91.686684, -0.2714, 7.363108, 10.431069, array([[-1.00000001]])],
[7.141184251999221, -0.1945, 7.692386, -91.578072, -0.2914, 7.363108, 10.431069, array([[0.99999999]])],
[7.165346849000343, -0.1974, 7.816054, -91.478584, -0.3014, 9.050487, 7.20971, array([[1.00000001]])],
[7.205589670000336, -0.2061, 7.99451, -91.328484, -0.2717, 9.050487, 7.20971, array([[1.00000001]])],
[7.21999244700055, -0.2163, 8.282344, -91.049423, -0.2317, 7.17903, 6.35068, array([[1.00000001]])],
[7.236514149000868, -0.2186, 8.363583, -90.951195, -0.2217, 7.17903, 6.35068, array([[0.08237916]])],
[7.253496663999613, -0.2229, 8.460357, -90.826797, -0.2017, 6.688156, 7.27107, array([[-0.80973736]])],
[8.017788638999264, -0.2269, 8.546113, -90.691566, -0.2001, 6.688156, 7.27107, array([[-1.00000001]])],
[8.17553843099995, -0.5476, 4.636086, -89.061279, -0.508, -6.626797, 4.632622, array([[1.00000001]])],
[8.220773525999903, -0.6291, 4.273791, -88.383858, -0.51, -2.055534, 4.295146, array([[1.00000001]])],
[8.2520009079999, -0.6486, 4.327956, -88.436134, -0.46, -0.092039, 1.411262, array([[1.00000001]])],
[8.280161872000463, -0.6664, 4.407659, -88.540733, -0.42, 1.533981, -1.687379, array([[1.00000001]])],
[8.30598674400062, -0.6747, 4.502354, -88.662308, -0.4, 1.533981, -1.687379, array([[1.00000001]])],
[8.334905712999898, -0.6864, 4.62106, -88.790108, -0.37, 3.067962, -3.98835, array([[1.00000001]])],
[8.365372746000503, -0.6972, 4.775823, -88.930283, -0.34, 5.031457, -4.970098, array([[1.00000001]])],
[8.392511718000605, -0.7071, 4.960668, -89.061279, -0.31, 5.031457, -4.970098, array([[1.00000001]])],
[8.425439590000678, -0.7161, 5.141178, -89.150688, -0.28, 6.227962, -4.049709, array([[1.00000001]])],
[8.455971852999937, -0.7242, 5.373302, -89.190773, -0.25, 6.227962, -4.049709, array([[1.00000001]])],
[8.482887972000754, -0.7314, 5.604662, -89.09211, -0.22, 6.964273, -1.196505, array([[1.00000001]])],
[8.512873060999482, -0.7377, 5.788277, -88.867126, -0.19, 7.27107, 6.013205, array([[1.00000001]])],
[8.545748249000098, -0.7431, 5.923739, -88.403847, -0.16, 7.27107, 6.013205, array([[1.00000001]])],
[8.574109155999395, -0.7476, 6.001527, -87.679474, -0.13, 3.712234, 17.732819, array([[1.00000001]])],
[8.603146532999745, -0.7512, 6.114614, -87.225052, -0.1, 3.712234, 17.732819, array([[1.00000001]])],
[8.628887355000188, -0.7539, 6.323137, -86.957703, -0.07, 3.957671, 17.272623, array([[1.00000001]])],
[8.654728358000284, -0.7552, 6.544895, -86.892044, -0.05, 3.957671, 17.272623, array([[1.00000001]])],
[8.683378906000144, -0.7564, 6.781561, -86.957703, -0.02, 8.00738, 4.693981, array([[1.]])],
[8.713507685000877, -0.7567, 7.044113, -87.157806, 0.01, 9.357283, -5.123496, array([[1.]])],
[8.73964806100048, -0.7561, 7.318582, -87.501877, 0.04, 9.357283, -5.123496, array([[1.]])],
[8.763390850999713, -0.7552, 7.535885, -87.858772, 0.06, 8.83573, -12.118448, array([[1.]])],
[8.789198852000482, -0.7531, 7.717432, -88.199455, 0.09, 8.83573, -12.118448, array([[1.]])],
[8.815309616000377, -0.7512, 7.891193, -88.506889, 0.11, 7.301749, -13.529711, array([[1.]])],
[8.844207828000435, -0.7476, 8.028945, -88.733124, 0.14, 7.301749, -13.529711, array([[1.]])],
[8.87267534000057, -0.7431, 8.152563, -88.924126, 0.17, 5.184855, -8.344856, array([[1.]])],
[8.896473152999533, -0.7377, 8.257336, -89.075157, 0.2, 5.184855, -8.344856, array([[1.]])],
[8.923706442999901, -0.7336, 8.313597, -89.18615, 0.22, 3.620195, -5.430292, array([[1.]])],
[8.945608138999887, -0.7267, 8.363583, -89.307961, 0.25, 3.620195, -5.430292, array([[1.]])],
[8.971610377000616, -0.7216, 8.380759, -89.40049, 0.27, 1.840777, -4.448545, array([[1.]])],
[8.993178283000816, -0.7161, 8.391688, -89.51152, 0.29, 1.840777, -4.448545, array([[1.]])],
[9.017567609000253, -0.7071, 8.385444, -89.610214, 0.32, 0.337476, -4.295146, array([[1.]])],
[9.040063821999865, -0.7006, 8.369828, -89.71508, 0.34, 0.337476, -4.295146, array([[1.]])],
[9.06372622500021, -0.6937, 8.327658, -89.807594, 0.36, -0.920388, -4.356505, array([[1.]])],
[9.085709491999296, -0.6826, 8.262025, -89.893944, 0.39, -0.920388, -4.356505, array([[1.]])],
[9.110030330000882, -0.6747, 8.180717, -89.958687, 0.41, -2.914564, -3.436117, array([[1.]])],
[9.130556481000895, -0.6664, 8.061811, -90.006477, 0.43, -2.914564, -3.436117, array([[1.]])],
[9.151279869000064, -0.6577, 7.935025, -90.017258, 0.45, -2.914564, -3.436117, array([[1.]])],
[9.18303782700059, -0.6486, 7.808228, -89.992599, 0.47, -5.399613, -1.411262, array([[1.]])],
[9.207556191000549, -0.6292, 7.584391, -89.863106, 0.51, -6.718836, 2.945243, array([[1.]])],
[9.228350675000911, -0.619, 7.395144, -89.679611, 0.51, -6.718836, 2.945243, array([[1.]])],
[9.248642024000219, -0.6088, 7.21087, -89.425163, 0.51, -6.718836, 2.945243, array([[1.]])],
[9.271133218999239, -0.5986, 7.03166, -89.119858, 0.51, -8.130098, 9.817477, array([[1.]])],
[9.297434531999897, -0.5884, 6.773811, -88.642296, 0.51, -8.130098, 9.817477, array([[0.99999966]])],
[9.325518317000387, -0.5731, 6.404641, -87.821983, 0.51, -10.921944, 20.770102, array([[1.]])],
[9.349267674000657, -0.558, 6.012213, -87.084473, 0.5099, -10.921944, 20.770102, array([[1.]])],
[9.443735304999791, -0.5479, 5.738139, -86.644783, 0.51, -14.112624, 27.765053, array([[1.]])],
[9.521636347999447, -0.4969, 4.923089, -86.107674, 0.51, -8.252817, 3.436117, array([[0.99999999]])],
[9.54705051900055, -0.4612, 4.551943, -86.603577, 0.51, -6.442719, -3.497476, array([[0.99999999]])],
[9.601534729999912, -0.4461, 4.524895, -86.882881, 0.5099, -2.914564, -8.682331, array([[1.]])],
[9.655313609999212, -0.4211, 4.62707, -87.697861, 0.5099, 0.674952, -13.284274, array([[0.99999999]])],
[9.679088975999548, -0.3906, 4.868985, -88.783943, 0.51, 3.742913, -19.389517, array([[-1.00000001]])],
[9.693859295000948, -0.3805, 4.978709, -89.166107, 0.5099, 3.742913, -19.389517, array([[-1.00000001]])],
[9.70796747500026, -0.3706, 5.041867, -89.383522, 0.48, 4.632622, -17.303303, array([[-1.00000001]])],
[9.723555839000255, -0.3658, 5.105055, -89.596336, 0.47, 4.632622, -17.303303, array([[-1.00000001]])],
[9.738377571000456, -0.3565, 5.171289, -89.821472, 0.45, 4.632622, -17.303303, array([[-1.00000001]])],
[9.75379317199986, -0.352, 5.234555, -90.021889, 0.44, 4.356505, -14.726215, array([[-1.00000001]])],
[9.768791410999256, -0.3433, 5.30239, -90.22374, 0.42, 4.356505, -14.726215, array([[-1.00000001]])],
[9.78387999000006, -0.3391, 5.379341, -90.405434, 0.41, 4.356505, -14.726215, array([[-1.00000001]])],
[9.79983544499919, -0.331, 5.476026, -90.591614, 0.39, 5.062137, -12.578642, array([[-1.00000001]])],
[9.816371630000504, -0.3271, 5.58497, -90.771484, 0.38, 5.062137, -12.578642, array([[-1.00000001]])],
[9.831912465000642, -0.3196, 5.7184, -90.95887, 0.36, 5.062137, -12.578642, array([[-1.00000001]])],
[9.84960589000002, -0.316, 5.849114, -91.139931, 0.35, 5.062137, -12.578642, array([[-1.00000001]])],
[9.86674278999999, -0.3091, 6.003053, -91.348404, 0.33, 7.792623, -11.443497, array([[-1.00000001]])],
[9.883960253999248, -0.3026, 6.162066, -91.581131, 0.31, 7.792623, -11.443497, array([[-1.00000001]])],
[9.900343941999381, -0.2965, 6.306238, -91.827354, 0.29, 8.866409, -13.161555, array([[-1.00000001]])],
[9.91682445799961, -0.2936, 6.432353, -92.059586, 0.28, 8.866409, -13.161555, array([[-1.00000001]])],
[9.932333147000463, -0.2881, 6.566507, -92.334389, 0.26, 8.866409, -13.161555, array([[-1.00000001]])],
[9.948571385999458, -0.283, 6.696366, -92.628891, 0.24, 8.068739, -16.628353, array([[-1.00000001]])],
[9.963277692999327, -0.2806, 6.846706, -92.869972, 0.23, 8.068739, -16.628353, array([[-1.00000001]])],
[9.979382146000717, -0.2761, 6.955438, -93.021049, 0.21, 8.068739, -16.628353, array([[-1.00000001]])],
[9.995794405000197, -0.274, 7.056568, -93.213402, 0.2, 8.068739, -16.628353, array([[-1.00000001]])],
[10.010501959999601, -0.2701, 7.179674, -93.436409, 0.18, 7.669904, -12.578642, array([[-1.00000001]])],
[10.025944745999368, -0.2683, 7.298279, -93.659599, 0.17, 7.669904, -12.578642, array([[-1.00000001]])],
[10.041306986999189, -0.265, 7.390454, -93.922844, 0.15, 7.669904, -12.578642, array([[-1.00000001]])],
[10.057669890000398, -0.2635, 7.507727, -94.164963, 0.14, 7.086992, -15.278449, array([[-1.00000001]])],
[10.073324663000676, -0.2608, 7.61256, -94.447319, 0.12, 7.086992, -15.278449, array([[-1.00000001]])],
[10.090843891999612, -0.2585, 7.697082, -94.67012, 0.1, 7.086992, -15.278449, array([[-0.63787125]])],
[10.11132460800036, -0.2575, 7.784746, -94.859306, 0.09, 6.258642, -15.18641, array([[1.00000001]])],
[10.127782694000416, -0.2558, 7.877104, -95.005531, 0.0774, 6.258642, -15.18641, array([[1.00000001]])],
[10.142902768999193, -0.2543, 7.891193, -95.097931, 0.0974, 6.258642, -15.18641, array([[1.00000001]])],
[10.17750377000084, -0.2524, 7.924067, -95.167252, 0.1174, 3.067962, -6.780195, array([[1.00000001]])],
[10.192177864000769, -0.2488, 7.972595, -95.295143, 0.1474, 3.067962, -6.780195, array([[1.00000001]])],
[10.210070995999558, -0.2474, 7.978856, -95.309013, 0.1574, 1.503301, -3.681554, array([[1.00000001]])],
[10.224583223000081, -0.2443, 7.978856, -95.302849, 0.1774, 1.503301, -3.681554, array([[1.00000001]])],
[10.23879160800061, -0.2408, 7.977291, -95.287437, 0.1974, 1.503301, -3.681554, array([[1.00000001]])],
[10.256255278000026, -0.2389, 7.97103, -95.264328, 0.2074, 0.0, 0.582913, array([[-0.03799178]])],
[10.2708268639999, -0.2348, 7.952245, -95.227341, 0.2274, 0.0, 0.582913, array([[-0.86009359]])],
[10.285477318999256, -0.2326, 7.930329, -95.182663, 0.2271, 0.0, 0.582913, array([[-1.]])],
[10.302066565000132, -0.2283, 7.900586, -95.131821, 0.2099, -1.380583, 2.638447, array([[-0.46853992]])],
[10.316434950000257, -0.2263, 7.86145, -95.057892, 0.2, -1.380583, 2.638447, array([[0.99999998]])],
[10.33061976099998, -0.2224, 7.805097, -94.971664, 0.1908, -1.380583, 2.638447, array([[1.00000001]])],
[10.344239549000122, -0.2205, 7.747175, -94.857765, 0.2007, -1.380583, 2.638447, array([[1.00000001]])],
[10.359390855999663, -0.2164, 7.682994, -94.719322, 0.2207, -3.313399, 5.982525, array([[1.00000001]])],
[10.37322432899964, -0.2142, 7.61569, -94.530266, 0.2307, -3.313399, 5.982525, array([[1.00000001]])],
[10.387065798999174, -0.2095, 7.534321, -94.29995, 0.2507, -3.313399, 5.982525, array([[1.00000001]])],
[10.400203254999724, -0.207, 7.448297, -94.054588, 0.2607, -5.215535, 13.867187, array([[1.00000001]])],
[10.413771764000558, -0.2044, 7.367013, -93.827911, 0.2707, -5.215535, 13.867187, array([[1.00000001]])],
[10.427889255999617, -0.1989, 7.282664, -93.595375, 0.2907, -5.215535, 13.867187, array([[1.00000001]])],
[10.440644456999507, -0.196, 7.19059, -93.366127, 0.3007, -5.215535, 13.867187, array([[1.00000001]])],
[10.45388734900007, -0.193, 7.112642, -93.184387, 0.3107, -6.320001, 16.965828, array([[1.00000001]])],
[10.46708637499978, -0.1867, 7.023879, -93.002739, 0.3307, -6.320001, 16.965828, array([[1.00000001]])],
[10.481153847000314, -0.1834, 6.92746, -92.839455, 0.3407, -6.320001, 16.965828, array([[1.00000001]])],
[10.497391382999922, -0.18, 6.83274, -92.692978, 0.3507, -6.320001, 16.965828, array([[1.00000001]])],
[10.511434803000157, -0.1729, 6.713395, -92.538864, 0.3707, -6.780195, 12.394566, array([[1.00000001]])],
[10.526576185000522, -0.1692, 6.609758, -92.435112, 0.3807, -6.780195, 12.394566, array([[1.00000001]])],
[10.541932042999179, -0.1615, 6.48628, -92.342018, 0.4007, -6.780195, 12.394566, array([[1.00000001]])],
[10.556415594999635, -0.1575, 6.363103, -92.279442, 0.4107, -7.669904, 7.301749, array([[1.00000001]])],
[10.570552225999563, -0.1492, 6.234099, -92.250443, 0.4307, -7.669904, 7.301749, array([[1.00000001]])],
[10.586183094999797, -0.1449, 6.126855, -92.250443, 0.4407, -7.669904, 7.301749, array([[1.00000001]])],
[10.602196623000054, -0.136, 5.969481, -92.282494, 0.4607, -8.897089, 0.889709, array([[1.00000001]])],
[10.616495156000383, -0.1314, 5.829334, -92.357285, 0.4707, -8.897089, 0.889709, array([[1.00000001]])],
[10.629964058000041, -0.1219, 5.719918, -92.458, 0.4907, -8.897089, 0.889709, array([[1.00000001]])],
[10.643886525000198, -0.117, 5.627391, -92.584648, 0.5007, -8.897089, 0.889709, array([[1.00000001]])],
[10.66112291600075, -0.1069, 5.55923, -92.743332, 0.51, -7.669904, -6.688156, array([[1.00000001]])],
[10.677591846000723, -0.1018, 5.49417, -92.999695, 0.51, -7.669904, -6.688156, array([[1.00000001]])],
[10.692284070000824, -0.0916, 5.47149, -93.277534, 0.51, -7.669904, -6.688156, array([[1.00000001]])],
[10.723566851000214, -0.0865, 5.486609, -93.607613, 0.51, -2.791845, -15.554565, array([[1.00000001]])],
[10.73894397100048, -0.0661, 5.609207, -94.481102, 0.51, -2.791845, -15.554565, array([[1.00000001]])],
[10.768660812000235, -0.061, 5.683496, -94.943954, 0.51, 3.620195, -27.734373, array([[-1.00000001]])],
[10.782025477999923, -0.0457, 5.773078, -95.615814, 0.51, 3.620195, -27.734373, array([[-1.00000001]])],
[10.800641640000322, -0.0406, 5.786757, -95.874893, 0.49, 3.620195, -27.734373, array([[-1.00000001]])],
[10.81651011699978, -0.0309, 5.783717, -96.20488, 0.47, 2.638447, -22.058643, array([[-1.00000001]])],
[10.83773076000034, -0.0216, 5.751808, -96.457626, 0.45, 2.638447, -22.058643, array([[-1.00000001]])],
[10.856290359000923, -0.0127, 5.698669, -96.767113, 0.43, -1.472622, -16.352236, array([[-1.00000001]])],
[10.869460865000292, -0.0042, 5.641033, -97.046989, 0.41, -1.472622, -16.352236, array([[-1.00000001]])],
[10.882589897000798, -0.0001, 5.594058, -97.26355, 0.4, -1.472622, -16.352236, array([[-1.00000001]])],
[10.895984033000786, 0.0039, 5.550147, -97.484459, 0.39, -1.472622, -16.352236, array([[-1.00000001]])],
[10.909324304999245, 0.0116, 5.522909, -97.697456, 0.37, -3.252039, -15.830683, array([[1.00000001]])],
[10.921727122000448, 0.0153, 5.49417, -97.925522, 0.36, -3.252039, -15.830683, array([[1.00000001]])],
[10.943217636000554, 0.0189, 5.480561, -98.133469, 0.37, -3.252039, -15.830683, array([[1.00000001]])],
[10.957845359000203, 0.0303, 5.489633, -98.492409, 0.4, -1.441942, -16.720392, array([[-1.00000001]])],
[10.972054301999378, 0.0343, 5.519883, -98.754921, 0.41, -1.441942, -16.720392, array([[-1.00000001]])],
[10.988693503000832, 0.0384, 5.563771, -99.049408, 0.4, -1.441942, -16.720392, array([[-1.00000001]])],
[11.005186604999835, 0.0463, 5.645581, -99.43856, 0.38, 2.669127, -19.389517, array([[-1.00000001]])],
[11.019194119000531, 0.0538, 5.774598, -99.889259, 0.36, 2.669127, -19.389517, array([[-1.00000001]])],
[11.039688515000307, 0.0574, 5.919167, -100.33165, 0.35, 2.669127, -19.389517, array([[-1.00000001]])],
[11.056821004000085, 0.0643, 6.162066, -101.102486, 0.33, 9.664079, -31.968159, array([[-1.00000001]])],
[11.073057812000116, 0.0708, 6.312382, -101.601448, 0.31, 9.664079, -31.968159, array([[-1.00000001]])],
[11.088946513000337, 0.0769, 6.412337, -101.956062, 0.29, 9.664079, -31.968159, array([[-1.00000001]])],
[11.110794898000677, 0.0798, 6.483197, -102.292244, 0.28, 7.363108, -25.648159, array([[-1.00000001]])],
[11.125722586000848, 0.0853, 6.558787, -102.682266, 0.26, 7.363108, -25.648159, array([[-1.00000001]])],
[11.140364197999588, 0.0904, 6.585038, -102.914848, 0.24, 7.363108, -25.648159, array([[-1.00000001]])],
[11.163147293000293, 0.0928, 6.595852, -103.134911, 0.23, 2.699806, -17.149906, array([[-1.00000001]])],
[11.178997814000468, 0.0994, 6.606667, -103.483788, 0.2, 2.699806, -17.149906, array([[-1.00000001]])],
[11.194061800999407, 0.1014, 6.608212, -103.747711, 0.19, 2.699806, -17.149906, array([[-1.00000001]])],
[11.225381006999669, 0.1051, 6.609758, -103.979103, 0.17, 0.153398, -15.431848, array([[0.6681083]])],
[11.240985037000428, 0.1099, 6.631396, -104.470146, 0.14, 0.153398, -15.431848, array([[1.00000001]])],
[11.256024849999449, 0.1113, 6.649951, -104.705376, 0.1466, 0.674952, -15.646605, array([[-0.13641008]])],
[11.271161246999327, 0.1142, 6.673154, -104.935867, 0.1666, 0.674952, -15.646605, array([[-0.60615367]])],
[11.285471950999636, 0.1158, 6.702557, -105.100662, 0.1653, 0.674952, -15.646605, array([[-0.61230752]])],
[11.300272353000764, 0.1189, 6.741271, -105.183052, 0.1533, 1.932816, -11.658255, array([[-1.00000001]])],
[11.315439011999842, 0.1204, 6.756764, -105.276131, 0.1472, 1.932816, -11.658255, array([[-1.00000001]])],
[11.329801129999396, 0.1231, 6.784662, -105.311226, 0.1272, 1.932816, -11.658255, array([[-1.00000001]])],
[11.34474307399978, 0.1243, 6.804819, -105.357002, 0.1172, 1.932816, -11.658255, array([[-1.]])],
[11.360903897000753, 0.1264, 6.82188, -105.419563, 0.0972, 1.472622, -4.111069, array([[0.56717966]])],
[11.382390466000288, 0.1273, 6.834292, -105.468399, 0.0872, 1.472622, -4.111069, array([[0.75372991]])],
[11.39722874799918, 0.129, 6.837395, -105.541641, 0.0984, 1.472622, -4.111069, array([[0.4869191]])],
[11.41138884999964, 0.1309, 6.842051, -105.590477, 0.1134, 0.552233, -3.436117, array([[0.13772991]])],
[11.427303431000837, 0.132, 6.845154, -105.637794, 0.1182, 0.552233, -3.436117, array([[0.01535154]])],
[11.442247986000439, 0.1342, 6.828086, -105.700378, 0.1208, 0.552233, -3.436117, array([[-0.08562144]])],
[11.45726849499988, 0.1354, 6.815675, -105.772141, 0.1209, -0.306796, -3.742913, array([[1.00000001]])],
[11.471852701000898, 0.1378, 6.807921, -105.84391, 0.1193, -0.306796, -3.742913, array([[0.99208743]])],
[11.487766070000362, 0.1389, 6.803268, -105.921806, 0.1293, -0.306796, -3.742913, array([[0.76180705]])],
[11.502872081000532, 0.1414, 6.789313, -106.019585, 0.1491, -0.644272, -5.338253, array([[0.29862948]])],
[11.518686651999815, 0.1428, 6.787763, -106.109772, 0.1567, -0.644272, -5.338253, array([[0.11096593]])],
[11.534077865000654, 0.1458, 6.807921, -106.216797, 0.1625, -0.644272, -5.338253, array([[-0.07557612]])],
[11.54979855900092, 0.149, 6.798616, -106.333069, 0.1647, 0.214757, -6.565438, array([[-1.]])],
[11.563809510000283, 0.1506, 6.800167, -106.460114, 0.164, 0.214757, -6.565438, array([[-1.]])],
[11.578384370999629, 0.1537, 6.798616, -106.588776, 0.144, 0.214757, -6.565438, array([[-0.9837836]])],
[11.59389977399951, 0.1551, 6.795515, -106.72673, 0.134, 0.214757, -6.565438, array([[-0.80864846]])],
[11.608260488999804, 0.1576, 6.789313, -106.875526, 0.1144, -0.153398, -8.83573, array([[0.64434306]])],
[11.622965783000836, 0.1587, 6.783111, -107.001404, 0.1064, -0.153398, -8.83573, array([[0.78377163]])],
[11.638451390999762, 0.1597, 6.762962, -107.128899, 0.1128, -0.153398, -8.83573, array([[0.62925735]])],
[11.656528584000625, 0.162, 6.733526, -107.241104, 0.1284, -1.043107, -8.83573, array([[1.00000001]])],
[11.674133775999508, 0.1645, 6.699461, -110.19796, 0.1408, -1.043107, -8.83573, array([[1.00000001]])],
[11.68898819199967, 0.1674, 6.64222, -107.401054, 0.1608, -1.043107, -8.83573, array([[0.62836386]])],
[11.703692565999518, 0.169, 6.594306, -107.431831, 0.1708, -2.546408, -4.264467, array([[1.00000001]])],
[11.718131105999419, 0.1724, 6.537179, -107.442604, 0.1832, -2.546408, -4.264467, array([[1.00000001]])],
[11.732903903999613, 0.1742, 6.467784, -107.434914, 0.1932, -2.546408, -4.264467, array([[1.00000001]])],
[11.748355567000544, 0.1761, 6.401564, -107.407219, 0.2032, -2.546408, -4.264467, array([[1.00000001]])],
[11.764153695999994, 0.1802, 6.335431, -107.356438, 0.2232, -4.233787, 0.276117, array([[1.00000001]])],
[11.77880495700083, 0.1847, 6.241768, -107.282616, 0.2432, -4.233787, 0.276117, array([[1.00000001]])],
[11.793910947999393, 0.1871, 6.155941, -107.193443, 0.2532, -4.233787, 0.276117, array([[1.00000001]])],
[11.809209118000581, 0.1922, 6.059566, -107.081268, 0.2732, -5.430292, 4.847379, array([[1.00000001]])],
[11.824721371000123, 0.1949, 5.961855, -106.956871, 0.2832, -5.430292, 4.847379, array([[1.00000001]])],
[11.84006009100085, 0.2006, 5.86738, -106.827957, 0.3032, -5.430292, 4.847379, array([[1.00000001]])],
[11.85546048300057, 0.2036, 5.780677, -106.71447, 0.3132, -6.258642, 8.068739, array([[1.00000001]])],
[11.87142339499951, 0.2099, 5.695634, -106.60257, 0.3332, -6.258642, 8.068739, array([[1.00000001]])],
[11.886807900000349, 0.2132, 5.601632, -106.502998, 0.3432, -6.258642, 8.068739, array([[1.00000001]])],
[11.902428114999566, 0.2201, 5.528961, -106.427963, 0.3632, -5.399613, 6.289321, array([[1.00000001]])],
[11.917591047000315, 0.2237, 5.469979, -106.372856, 0.3732, -5.399613, 6.289321, array([[1.00000001]])],
[11.93986412599952, 0.2312, 5.424644, -106.337662, 0.3932, -5.399613, 6.289321, array([[1.00000001]])],
[11.964806722000503, 0.2391, 5.362737, -106.311646, 0.4132, -3.405437, 2.638447, array([[1.00000001]])],
[11.981444566999926, 0.2517, 5.31898, -106.32695, 0.4432, -3.405437, 2.638447, array([[1.00000001]])],
[11.999268195000695, 0.2561, 5.294849, -106.357552, 0.4532, -3.405437, 2.638447, array([[0.7481909]])],
[12.018465074999767, 0.2652, 5.297865, -106.414177, 0.4732, -1.687379, -0.981748, array([[-1.00000001]])],
[12.034331405999183, 0.2747, 5.300881, -106.499924, 0.488, -1.687379, -0.981748, array([[-1.00000001]])],
[12.050225536000653, 0.2842, 5.312947, -106.588776, 0.468, 0.368155, -4.387185, array([[-1.00000001]])],
[12.065858645000844, 0.2888, 5.332557, -106.694542, 0.458, 0.368155, -4.387185, array([[-1.00000001]])],
[12.081120175000251, 0.2977, 5.364246, -106.821823, 0.438, 0.368155, -4.387185, array([[-1.00000001]])],
[12.097147921000214, 0.302, 5.397459, -106.944588, 0.428, 0.368155, -4.387185, array([[-1.00000001]])],
[12.113318914000047, 0.3103, 5.448819, -107.104317, 0.408, 1.840777, -7.639225, array([[-1.00000001]])],
[12.13175157600017, 0.3182, 5.49417, -107.253403, 0.388, 1.840777, -7.639225, array([[-1.00000001]])],
[12.149938372000179, 0.322, 5.566799, -107.425674, 0.378, 1.840777, -7.639225, array([[-1.00000001]])],
[12.166598158999477, 0.3293, 5.648613, -107.581146, 0.358, 3.436117, -9.60272, array([[-1.00000001]])],
[12.182311983000545, 0.3362, 5.730546, -107.708977, 0.338, 3.436117, -9.60272, array([[-1.00000001]])],
[12.19905753400053, 0.3395, 5.811083, -107.813744, 0.328, 3.436117, -9.60272, array([[-1.00000001]])],
[12.215559964000931, 0.3458, 5.905453, -107.904671, 0.308, 4.847379, -7.547185, array([[-1.00000001]])],
[12.231195378000848, 0.3517, 6.00458, -107.970955, 0.288, 4.847379, -7.547185, array([[-1.00000001]])],
[12.246033961999274, 0.3545, 6.088612, -108.017204, 0.278, 4.847379, -7.547185, array([[-1.00000001]])],
[12.261812127000667, 0.3598, 6.162066, -108.035706, 0.258, 5.61437, -3.957671, array([[-1.00000001]])],
[12.27991340600056, 0.3623, 6.2387, -108.029533, 0.248, 5.61437, -3.957671, array([[-1.00000001]])],
[12.294957833999433, 0.367, 6.3216, -107.99099, 0.228, 5.61437, -3.957671, array([[-1.00000001]])],
[12.310026654000467, 0.3713, 6.376945, -107.937042, 0.208, 4.847379, 0.82835, array([[-1.00000001]])],
[12.3255209630006, 0.3733, 6.443134, -107.855354, 0.198, 4.847379, 0.82835, array([[-1.00000001]])],
[12.341108496999368, 0.377, 6.484738, -107.744408, 0.178, 4.847379, 0.82835, array([[-1.00000001]])],
[12.356315913999424, 0.3787, 6.510952, -107.602707, 0.168, 3.22136, 5.951846, array([[-1.00000001]])],
[12.37173279200033, 0.3818, 6.526378, -107.436447, 0.148, 3.22136, 5.951846, array([[-1.00000001]])],
[12.387388978000672, 0.3832, 6.538722, -107.211899, 0.138, 3.22136, 5.951846, array([[-1.00000001]])],
[12.402327080999385, 0.3857, 6.534092, -106.961487, 0.118, 0.705631, 13.008157, array([[-1.00000001]])],
[12.417355315999885, 0.3868, 6.514036, -106.693008, 0.108, 0.705631, 13.008157, array([[-1.00000001]])],
[12.432245490999776, 0.3887, 6.507867, -106.46624, 0.088, 0.705631, 13.008157, array([[-1.00000001]])],
[12.447842306999519, 0.3895, 6.510952, -106.262688, 0.078, 0.705631, 13.008157, array([[-1.00000001]])],
[12.462306568000713, 0.3908, 6.515579, -106.07766, 0.058, -0.552233, 15.646605, array([[-1.00000001]])],
[12.47746578099941, 0.3913, 6.532549, -105.930962, 0.048, -0.552233, 15.646605, array([[-1.00000001]])],
[12.500458807000541, 0.392, 6.560331, -105.796562, 0.028, -0.552233, 15.646605, array([[-1.00000001]])],
[12.515859998000451, 0.3923, 6.603577, -105.64389, 0.008, 1.196505, 9.878837, array([[-1.00000001]])],
[12.529988229000082, 0.3923, 6.634488, -105.564537, -0.012, 1.196505, 9.878837, array([[-1.00000001]])],
[12.543613546000415, 0.3922, 6.665418, -105.506546, -0.022, 1.196505, 9.878837, array([[-1.00000001]])],
[12.55888072900052, 0.3917, 6.701009, -105.46534, -0.042, 2.116894, 5.184855, array([[-1.00000001]])],
[12.574444814999879, 0.3913, 6.74282, -105.433296, -0.052, 2.116894, 5.184855, array([[-1.00000001]])],
[12.589892126999985, 0.3902, 6.784662, -105.411942, -0.072, 2.116894, 5.184855, array([[-1.00000001]])],
[12.604318588999377, 0.3895, 6.82188, -105.402786, -0.082, 2.638447, 1.840777, array([[-1.00000001]])],
[12.618798571000298, 0.3878, 6.852914, -105.402786, -0.102, 2.638447, 1.840777, array([[-1.00000001]])],
[12.638258242999655, 0.3868, 6.891729, -105.411942, -0.112, 2.638447, 1.840777, array([[-1.00000001]])],
[12.655505696999171, 0.3845, 6.936785, -105.434814, -0.132, 2.36233, -0.460194, array([[-1.00000001]])],
[12.67254616900027, 0.3818, 6.963212, -105.468399, -0.152, 2.36233, -0.460194, array([[-1.00000001]])],
[12.688545012999384, 0.3803, 6.975652, -105.508064, -0.162, 2.36233, -0.460194, array([[-1.00000001]])],
[12.703021646999332, 0.377, 6.99276, -105.555382, -0.182, 1.257864, -2.270292, array([[0.0354981]])],
[12.71824368200032, 0.3752, 7.012986, -105.602692, -0.192, 1.257864, -2.270292, array([[0.29939421]])],
[12.732591803000105, 0.3714, 6.998983, -105.657639, -0.1914, 1.257864, -2.270292, array([[0.40536823]])],
[12.746660156000871, 0.3695, 6.997427, -105.717178, -0.1885, 1.257864, -2.270292, array([[0.40432927]])],
[12.767056827000488, 0.3659, 6.998983, -105.778236, -0.1805, 0.184078, -3.620195, array([[0.34666693]])],
[12.781729147000078, 0.3624, 7.000539, -105.872925, -0.1725, 0.184078, -3.620195, array([[0.28444471]])],
[12.801011577999816, 0.3607, 6.99276, -105.946243, -0.1691, 0.184078, -3.620195, array([[0.26429656]])],
[12.81627168399973, 0.3575, 6.977207, -106.04557, -0.1635, -0.122718, -4.632622, array([[1.00000001]])],
[12.833279861999472, 0.3543, 6.970986, -106.13575, -0.1583, -0.122718, -4.632622, array([[0.99504028]])],
[12.850894282999434, 0.3528, 6.967876, -106.248917, -0.1483, -0.122718, -4.632622, array([[0.83504028]])],
[12.865486914999565, 0.3501, 6.952328, -106.374382, -0.1285, -0.460194, -5.921166, array([[0.50960028]])],
[12.88091895099933, 0.3477, 6.939893, -106.484612, -0.1119, -0.460194, -5.921166, array([[0.24112028]])],
[12.89662702699934, 0.3466, 6.919691, -106.613297, -0.1069, -0.460194, -5.921166, array([[0.17232028]])],
[12.911641848000727, 0.3446, 6.899495, -106.743599, -0.1021, -1.043107, -7.669904, array([[0.13648028]])],
[12.927417807000893, 0.3436, 6.874648, -106.866318, -0.1004, -1.043107, -7.669904, array([[0.13312028]])],
[12.949591561000489, 0.3417, 6.843602, -106.986046, -0.0978, -1.043107, -7.669904, array([[0.13939421]])],
[12.964690573999178, 0.3399, 6.786212, -107.13504, -0.0952, -1.902136, -8.038059, array([[0.99026119]])],
[12.980476135000572, 0.3381, 6.727331, -107.207283, -0.0926, -1.902136, -8.038059, array([[0.99860901]])],
[12.99607256499985, 0.3372, 6.668512, -107.26416, -0.0827, -1.902136, -8.038059, array([[0.82323036]])],
[13.011286818000372, 0.3357, 6.600487, -107.291847, -0.0629, -3.22136, -4.724661, array([[1.00000001]])],
[13.028680624000117, 0.3351, 6.529464, -107.296455, -0.0547, -3.22136, -4.724661, array([[1.00000001]])],
[13.044129818999863, 0.3342, 6.430812, -107.271858, -0.0347, -3.22136, -4.724661, array([[1.00000001]])],
[13.059566035999524, 0.3337, 6.329284, -107.225731, -0.0147, -5.246214, 0.214757, array([[1.00000001]])],
