[0.03607973299949663, 0.0, -0.001518, 0.0, 0.03068, array([[-1.00000001]])],
[0.04903176599964354, 0.0, 1.8e-05, 0.0, 0.03068, array([[-1.00000001]])],
[0.060737747999155545, 0.0, 1.8e-05, -0.01, 0.03068, array([[-1.00000001]])],
[0.07261486099923786, -0.0001, 1.8e-05, -0.02, 0.03068, array([[-1.00000001]])],
[0.08422729099947901, -0.0003, 1.8e-05, -0.03, 0.03068, array([[-1.00000001]])],
[0.09577145200000814, -0.0006, 0.001553, -0.04, 0.03068, array([[-1.00000001]])],
[0.10768127999926946, -0.001, 0.003088, -0.05, 0.03068, array([[-1.00000001]])],
[0.11920980499962752, -0.0021, 0.007695, -0.07, 0.061359, array([[-1.00000001]])],
[0.13067469299949153, -0.0028, 0.007695, -0.08, 0.061359, array([[-1.00000001]])],
[0.14242282799932582, -0.0036, 0.013837, -0.09, 0.061359, array([[-1.00000001]])],
[0.15424235699993005, -0.0045, 0.018445, -0.1, 0.061359, array([[-1.00000001]])],
[0.16605653599981451, -0.0055, 0.021516, -0.11, 0.337476, array([[-1.00000001]])],
[0.1780948379991969, -0.0066, 0.026124, -0.12, 0.337476, array([[-1.00000001]])],
[0.19046463599988783, -0.0091, 0.035342, -0.14, 0.337476, array([[-1.00000001]])],
[0.20392657899992628, -0.0105, 0.039951, -0.15, 0.337476, array([[-1.00000001]])],
[0.21684035299949755, -0.012, 0.047635, -0.16, 0.490874, array([[-1.00000001]])],
[0.24031328599994595, -0.0153, 0.053782, -0.18, 0.490874, array([[-1.00000001]])],
[0.272943153999222, -0.019, 0.070692, -0.2, 0.490874, array([[-1.00000001]])],
[0.30257268599962117, -0.0253, 0.090684, -0.23, 0.552233, array([[-1.00000001]])],
[0.3276988079996954, -0.0325, 0.112222, -0.26, 0.705631, array([[-1.00000001]])],
[0.355812328999491, -0.0406, 0.127613, -0.29, 0.705631, array([[-1.00000001]])],
[0.37367663999975775, -0.0465, 0.146087, -0.31, 0.705631, array([[-1.00000001]])],
[0.3900064419995033, -0.0528, 0.156867, -0.33, 0.705631, array([[-1.00000001]])],
[0.40555460899940954, -0.0595, 0.166109, -0.35, 0.705631, array([[-1.00000001]])],
[0.4259494869993432, -0.063, 0.176894, -0.36, 0.490874, array([[1.00000001]])],
[0.43802819499978796, -0.0703, 0.181517, -0.38, 0.490874, array([[1.00000001]])],
[0.44963421800002834, -0.0778, 0.190763, -0.36, 0.490874, array([[1.00000001]])],
[0.4614282299999104, -0.0814, 0.189222, -0.35, 0.429515, array([[1.00000001]])],
[0.4729880109998703, -0.0849, 0.192304, -0.34, 0.429515, array([[1.00000001]])],
[0.4845713259992408, -0.0883, 0.192304, -0.33, 0.429515, array([[1.00000001]])],
[0.4962339899993822, -0.0916, 0.189222, -0.32, 0.429515, array([[1.00000001]])],
[0.5077363509999486, -0.0948, 0.184599, -0.31, 0.429515, array([[1.00000001]])],
[0.5193610809992606, -0.1009, 0.179976, -0.29, -0.092039, array([[1.00000001]])],
[0.5308553679997203, -0.1038, 0.170731, -0.28, -0.092039, array([[1.00000001]])],
[0.5422655689999374, -0.1066, 0.163029, -0.27, -0.092039, array([[1.00000001]])],
[0.5538899659995877, -0.1093, 0.152247, -0.26, -0.092039, array([[1.00000001]])],
[0.5669246719999137, -0.1119, 0.143008, -0.25, -0.76699, array([[1.00000001]])],
[0.5806347939997067, -0.1168, 0.121456, -0.23, -0.76699, array([[1.00000001]])],
[0.5924775349994889, -0.1191, 0.106067, -0.22, -0.76699, array([[1.00000001]])],
[0.6040265829997225, -0.1213, 0.089145, -0.21, -0.76699, array([[1.00000001]])],
[0.6156048379998538, -0.1234, 0.072229, -0.2, -1.319224, array([[1.00000001]])],
[0.627208155999142, -0.1254, 0.050708, -0.19, -1.319224, array([[1.00000001]])],
[0.6390268209997885, -0.1291, 0.032269, -0.17, -1.319224, array([[1.00000001]])],
[0.6502135569999155, -0.1308, 0.007695, -0.16, -1.319224, array([[1.00000001]])],
[0.6646891599993978, -0.1324, -0.010728, -0.15, -1.656699, array([[1.00000001]])],
[0.6761682079995808, -0.1339, -0.039883, -0.14, -1.656699, array([[1.00000001]])],
[0.6879372849998617, -0.1353, -0.061355, -0.13, -1.656699, array([[1.00000001]])],
[0.699609521999264, -0.1378, -0.085883, -0.11, -1.656699, array([[1.00000001]])],
[0.7128380109998034, -0.1389, -0.108866, -0.1, -1.994175, array([[1.00000001]])],
[0.7243432169998414, -0.1399, -0.1349, -0.09, -1.994175, array([[1.00000001]])],
[0.7357564339999954, -0.1408, -0.15633, -0.08, -1.994175, array([[1.00000001]])],
[0.7490092389998608, -0.1416, -0.17928, -0.07, -1.994175, array([[1.00000001]])],
[0.7608807369997521, -0.1429, -0.206806, -0.05, -2.024855, array([[1.00000001]])],
[0.7725461699992593, -0.1434, -0.226676, -0.04, -2.024855, array([[1.00000001]])],
[0.7855265429998326, -0.1438, -0.248065, -0.03, -2.024855, array([[1.00000001]])],
[0.798152568999285, -0.1441, -0.270972, -0.02, -2.024855, array([[1.00000001]])],
[0.8208983569993507, -0.1444, -0.290817, 0.0, -1.687379, array([[1.00000001]])],
[0.8331949589992291, -0.1443, -0.322856, 0.02, -1.687379, array([[1.00000001]])],
[0.8452264669995202, -0.1441, -0.338105, 0.03, -1.687379, array([[1.00000001]])],
[0.8570759699996415, -0.1438, -0.351826, 0.04, -1.687379, array([[1.00000001]])],
[0.870022866999534, -0.1429, -0.362495, 0.06, -1.288544, array([[-1.00000001]])],
[0.8823197429992433, -0.1423, -0.373161, 0.07, -1.288544, array([[-1.00000001]])],
[0.8949004639998748, -0.1416, -0.382303, 0.06, -1.288544, array([[-1.00000001]])],
[0.9078392829997028, -0.141, -0.389919, 0.05, -1.288544, array([[-1.00000001]])],
[0.9209069869993982, -0.1401, -0.392965, 0.03, -0.76699, array([[-1.00000001]])],
[0.9340231229998608, -0.1398, -0.391442, 0.02, -0.76699, array([[-1.00000001]])],
[0.9471095599992623, -0.1396, -0.388396, 0.01, -0.76699, array([[-1.00000001]])],
[0.9602596189997712, -0.1395, -0.380779, -0.01, 0.184078, array([[-1.00000001]])],
[0.973357312999724, -0.1396, -0.370114, -0.02, 0.184078, array([[-1.00000001]])],
[0.9865448109994759, -0.1398, -0.354874, -0.03, 0.184078, array([[-1.00000001]])],
[1.0001365139996778, -0.1401, -0.338105, -0.04, 0.184078, array([[-1.00000001]])],
[1.0139977979997639, -0.141, -0.315229, -0.06, 1.196505, array([[-1.00000001]])],
[1.0428178439997282, -0.1416, -0.287764, -0.07, 1.196505, array([[-1.00000001]])],
[1.0814448679993802, -0.144, -0.223619, -0.1, 1.196505, array([[-1.00000001]])],
[1.1104998209993937, -0.1486, -0.122651, -0.14, 2.116894, array([[-1.00000001]])],
[1.1256732599995303, -0.1531, -0.035281, -0.17, 2.791845, array([[-1.00000001]])],
[1.150254399000005, -0.1548, 0.015373, -0.18, 2.791845, array([[-1.00000001]])],
[1.1686567649994686, -0.1605, 0.095298, -0.21, 3.16, array([[-1.00000001]])],
[1.1900351829999636, -0.1648, 0.153787, -0.23, 3.16, array([[-1.00000001]])],
[1.2052792669992414, -0.1695, 0.216971, -0.25, 3.16, array([[-1.00000001]])],
[1.2185031609997168, -0.172, 0.264796, -0.26, 3.16, array([[-1.00000001]])],
[1.2321436779993746, -0.1773, 0.304942, -0.28, 3.16, array([[-1.00000001]])],
[1.2464271759999974, -0.1801, 0.342027, -0.29, 3.16, array([[-1.00000001]])],
[1.2597984949998136, -0.183, 0.376045, -0.3, 3.16, array([[-1.00000001]])],
[1.2766123769997648, -0.1891, 0.410085, -0.32, 2.761166, array([[-1.00000001]])],
[1.2901440579998962, -0.1923, 0.447243, -0.33, 2.761166, array([[-1.00000001]])],
[1.3041982279992226, -0.199, 0.473578, -0.35, 2.761166, array([[-1.00000001]])],
[1.3207898799992108, -0.2025, 0.498376, -0.36, 2.086214, array([[-0.79487204]])],
[1.3336642549993485, -0.2098, 0.521633, -0.38, 2.086214, array([[0.99999999]])],
[1.3466118239994103, -0.2136, 0.538695, -0.3879, 2.086214, array([[1.]])],
[1.3593073809997804, -0.2174, 0.549555, -0.378, 2.086214, array([[1.]])],
[1.3729122409995398, -0.2247, 0.558865, -0.358, 1.288544, array([[1.00000001]])],
[1.386309101999359, -0.2282, 0.563521, -0.348, 1.288544, array([[1.00000001]])],
[1.3998186189992339, -0.2316, 0.561969, -0.338, 1.288544, array([[1.00000001]])],
[1.412921223000012, -0.2381, 0.558865, -0.318, 0.184078, array([[1.00000001]])],
[1.4261140129992782, -0.2412, 0.549555, -0.308, 0.184078, array([[1.00000001]])],
[1.439405037999677, -0.2442, 0.535592, -0.298, 0.184078, array([[1.00000001]])],
[1.452680046999376, -0.2499, 0.516981, -0.278, 0.184078, array([[1.00000001]])],
[1.4654970599995067, -0.2526, 0.495276, -0.268, -1.073787, array([[1.00000001]])],
[1.4785920819995226, -0.2552, 0.465831, -0.258, -1.073787, array([[1.00000001]])],
[1.4909222029991724, -0.2601, 0.436402, -0.238, -1.073787, array([[1.00000001]])],
[1.5032436319997942, -0.2624, 0.405442, -0.228, -1.073787, array([[1.00000001]])],
[1.5163930269991397, -0.2646, 0.368312, -0.218, -2.331651, array([[1.00000001]])],
[1.529293322999365, -0.2667, 0.326572, -0.208, -2.331651, array([[1.00000001]])],
[1.5431598189998113, -0.2706, 0.284865, -0.188, -2.331651, array([[1.00000001]])],
[1.5556846699992093, -0.2724, 0.230851, -0.178, -2.331651, array([[1.00000001]])],
[1.5685571709991564, -0.2741, 0.181517, -0.168, -3.344078, array([[1.00000001]])],
[1.5822265769993464, -0.2772, 0.130691, -0.148, -3.344078, array([[1.00000001]])],
[1.5955105579996598, -0.2786, 0.072229, -0.138, -3.344078, array([[1.00000001]])],
[1.6079894719996446, -0.2799, 0.012301, -0.128, -3.344078, array([[1.00000001]])],
[1.621207475999654, -0.2822, -0.042951, -0.108, -4.172428, array([[1.00000001]])],
[1.634650242999669, -0.2832, -0.102738, -0.098, -4.172428, array([[1.00000001]])],
[1.647658051999315, -0.2841, -0.15633, -0.088, -4.172428, array([[1.00000001]])],
[1.6612376599996423, -0.2856, -0.222091, -0.068, -4.540583, array([[1.00000001]])],
[1.6760317879998183, -0.2862, -0.280132, -0.058, -4.540583, array([[1.00000001]])],
[1.6911122619994785, -0.2867, -0.342679, -0.048, -4.540583, array([[1.00000001]])],
[1.7048577069999737, -0.2874, -0.406671, -0.028, -4.540583, array([[1.00000001]])],
[1.7188423289999264, -0.2876, -0.458415, -0.018, -4.203107, array([[1.00000001]])],
[1.733430782999676, -0.2877, -0.510107, 0.002, -4.203107, array([[1.00000001]])],
[1.7474620299999515, -0.2877, -0.557194, 0.012, -4.203107, array([[1.00000001]])],
[1.763307815999724, -0.2874, -0.596655, 0.032, -3.436117, array([[1.00000001]])],
[1.7796767719992204, -0.2871, -0.637604, 0.042, -3.436117, array([[1.00000001]])],
[1.8037404889992104, -0.2862, -0.675494, 0.062, -3.436117, array([[1.00000001]])],
[1.8266855049996593, -0.2849, -0.7179, 0.082, -2.270292, array([[1.]])],
[1.8449180190000334, -0.2832, -0.746659, 0.102, -2.270292, array([[0.99999999]])],
[1.878308416999971, -0.2811, -0.758764, 0.1218, -2.270292, array([[0.99999997]])],
[1.9026761069999338, -0.2757, -0.758764, 0.1614, -1.043107, array([[-1.00000001]])],
[1.9239619719992334, -0.2724, -0.742119, 0.1812, 0.276117, array([[-1.00000001]])],
[1.9422119269993345, -0.2689, -0.713358, 0.1612, 0.276117, array([[-1.00000001]])],
[1.9557193919999918, -0.2658, -0.681554, 0.1412, 0.276117, array([[-1.00000001]])],
[1.9693533919999027, -0.2644, -0.648216, 0.1312, 1.564661, array([[-1.00000001]])],
[1.983996534999278, -0.2619, -0.611825, 0.1112, 1.564661, array([[-1.00000001]])],
[1.998314616999778, -0.2608, -0.564785, 0.1012, 1.564661, array([[-1.00000001]])],
[2.0120678479997878, -0.2589, -0.511627, 0.0812, 3.098641, array([[-1.00000001]])],
[2.025408494999283, -0.2581, -0.458415, 0.0712, 3.098641, array([[-1.00000001]])],
[2.0388577169997006, -0.2574, -0.399057, 0.0612, 3.098641, array([[-1.00000001]])],
[2.052545666999322, -0.2563, -0.336581, 0.0412, 3.098641, array([[-1.00000001]])],
[2.066246885999135, -0.2559, -0.269446, 0.0312, 4.448545, array([[-1.00000001]])],
[2.0798323659992093, -0.2556, -0.197632, 0.0212, 4.448545, array([[-1.00000001]])],
[2.0933134349998, -0.2553, -0.124182, 0.0012, 4.448545, array([[-1.00000001]])],
[2.1076326969996444, -0.2553, -0.049087, -0.0088, 4.448545, array([[-1.00000001]])],
[2.121249770999384, -0.2554, 0.030733, -0.0288, 5.368933, array([[-1.00000001]])],
[2.134925064999152, -0.2556, 0.109145, -0.0388, 5.368933, array([[-1.00000001]])],
[2.1492426449995037, -0.2559, 0.181517, -0.0488, 5.368933, array([[-1.00000001]])],
[2.1661240429993995, -0.2568, 0.260166, -0.0688, 5.522331, array([[-1.00000001]])],
[2.1795534869997937, -0.2574, 0.345119, -0.0788, 5.522331, array([[-1.00000001]])],
[2.1935047489996577, -0.2589, 0.414728, -0.0988, 5.522331, array([[-1.00000001]])],
[2.207951960999708, -0.2598, 0.481326, -0.1088, 5.522331, array([[-1.00000001]])],
[2.2219837719994757, -0.2619, 0.541798, -0.1288, 4.908739, array([[-1.00000001]])],
[2.236210717999711, -0.2631, 0.602331, -0.1388, 4.908739, array([[-1.00000001]])],
[2.2507956709996506, -0.2644, 0.653599, -0.1488, 4.908739, array([[-1.00000001]])],
[2.2651890469996943, -0.2673, 0.704909, -0.1688, 3.926991, array([[-1.00000001]])],
[2.2789140509994468, -0.2689, 0.750032, -0.1788, 3.926991, array([[-1.00000001]])],
[2.2926234659998954, -0.2724, 0.787397, -0.1988, 3.926991, array([[-1.00000001]])],
[2.306091158999152, -0.2743, 0.821666, -0.2088, 3.926991, array([[-1.00000001]])],
[2.3206550529994274, -0.2763, 0.84504, -0.2188, 2.638447, array([[-1.]])],
[2.3343979409992244, -0.2806, 0.86998, -0.2388, 2.638447, array([[-1.]])],
[2.3490842389992395, -0.2829, 0.885572, -0.2488, 2.638447, array([[-1.]])],
[2.363984051999978, -0.2878, 0.896488, -0.2688, 1.319224, array([[1.00000001]])],
[2.3776252389998263, -0.2904, 0.901167, -0.2788, 1.319224, array([[1.00000001]])],
[2.391688785999577, -0.2957, 0.899607, -0.2588, 1.319224, array([[1.00000001]])],
[2.406122251999477, -0.2982, 0.89025, -0.2488, 1.319224, array([[1.00000001]])],
[2.419721219999701, -0.3006, 0.874657, -0.2388, -0.245437, array([[1.00000001]])],
[2.432878800999788, -0.3051, 0.852833, -0.2188, -0.245437, array([[1.00000001]])],
[2.4459006729994144, -0.3072, 0.827898, -0.2088, -0.245437, array([[1.00000001]])],
[2.4589984499998536, -0.3092, 0.793626, -0.1988, -0.245437, array([[1.00000001]])],
[2.472101255999405, -0.3129, 0.757814, -0.1788, -1.840777, array([[1.00000001]])],
[2.485120900999391, -0.3146, 0.712686, -0.1688, -1.840777, array([[1.00000001]])],
[2.4977217189998555, -0.3162, 0.66448, -0.1588, -1.840777, array([[1.00000001]])],
[2.5110914139995657, -0.3191, 0.613203, -0.1388, -3.497476, array([[1.00000001]])],
[2.524203189999753, -0.3204, 0.552658, -0.1288, -3.497476, array([[1.00000001]])],
[2.5462696949998644, -0.3216, 0.490625, -0.1188, -3.497476, array([[1.00000001]])],
[2.574303255999439, -0.3237, 0.368312, -0.0988, -3.497476, array([[1.00000001]])],
[2.598573984999348, -0.3261, 0.201553, -0.0688, -4.847379, array([[1.00000001]])],
[2.619888362999518, -0.3276, 0.046098, -0.0388, -6.289321, array([[1.00000001]])],
[2.6438401859995793, -0.3281, -0.107334, -0.0188, -6.289321, array([[1.00000001]])],
[2.667395239999678, -0.3282, -0.261811, 0.0012, -6.289321, array([[1.00000001]])],
[2.6932727579996936, -0.3279, -0.415806, 0.0312, -6.718836, array([[1.00000001]])],
[2.7070488899998963, -0.3272, -0.567821, 0.0512, -6.718836, array([[1.00000001]])],
[2.721455199999582, -0.3267, -0.642152, 0.0612, -6.258642, array([[1.00000001]])],
[2.7371869469998273, -0.3254, -0.716386, 0.0812, -6.258642, array([[1.00000001]])],
[2.7519030379999094, -0.3246, -0.789016, 0.0912, -6.258642, array([[1.00000001]])],
[2.7651238259995807, -0.3227, -0.849477, 0.1112, -4.847379, array([[1.00000001]])],
[2.7791960189997553, -0.3216, -0.899316, 0.1212, -4.847379, array([[1.00000001]])],
[2.7928173099999185, -0.3191, -0.944594, 0.1412, -4.847379, array([[1.00000001]])],
[2.806764440999359, -0.3177, -0.983812, 0.1512, -4.847379, array([[1.00000001]])],
[2.822493850999308, -0.3162, -1.018489, 0.1612, -3.344078, array([[1.00000001]])],
[2.836210194999694, -0.3129, -1.048631, 0.1812, -3.344078, array([[1.00000001]])],
[2.8495519819998663, -0.3111, -1.068218, 0.1912, -3.344078, array([[1.00000001]])],
[2.864375948999623, -0.3072, -1.080269, 0.2112, -1.656699, array([[-1.00000001]])],
[2.8792067049998877, -0.3051, -1.086294, 0.2212, -1.656699, array([[-1.00000001]])],
[2.8932097999995676, -0.3008, -1.086294, 0.2012, -1.656699, array([[-1.00000001]])],
[2.9066134299991973, -0.2988, -1.078763, 0.1912, -1.656699, array([[-1.00000001]])],
[2.919800518999182, -0.2969, -1.063698, 0.1812, 0.092039, array([[-1.00000001]])],
[2.9337911839993467, -0.2934, -1.045617, 0.1612, 0.092039, array([[-1.00000001]])],
[2.94756971499919, -0.2918, -1.013967, 0.1512, 0.092039, array([[-1.00000001]])],
[2.9615641799991863, -0.2903, -0.97778, 0.1412, 0.092039, array([[-1.00000001]])],
[2.976044981999621, -0.2876, -0.934031, 0.1212, 1.963495, array([[-1.00000001]])],
[2.9908261649998167, -0.2864, -0.879687, 0.1112, 1.963495, array([[-1.00000001]])],
[3.005202439999266, -0.2843, -0.814719, 0.0912, 1.963495, array([[-1.00000001]])],
[3.0198002769993764, -0.2834, -0.751199, 0.0812, 3.926991, array([[-1.00000001]])],
[3.0345170299997335, -0.2819, -0.673979, 0.0612, 3.926991, array([[-1.00000001]])],
[3.051636270999552, -0.2813, -0.589069, 0.0512, 3.926991, array([[-1.00000001]])],
[3.0663342199995895, -0.2804, -0.478185, 0.0312, 5.675729, array([[-1.00000001]])],
[3.081033935999585, -0.2801, -0.379256, 0.0212, 5.675729, array([[-1.00000001]])],
[3.0950916140000118, -0.2798, -0.272499, 0.0012, 5.675729, array([[-1.00000001]])],
[3.1096592999992936, -0.2798, -0.162451, -0.0088, 5.675729, array([[-1.00000001]])],
[3.1245318809997116, -0.2799, -0.049087, -0.0288, 6.964273, array([[-1.00000001]])],
[3.1391880369992577, -0.2801, 0.064542, -0.0388, 6.964273, array([[-1.00000001]])],
[3.1541410419995373, -0.2808, 0.178435, -0.0588, 6.964273, array([[-1.00000001]])],
[3.16896562599959, -0.2813, 0.287953, -0.0688, 7.9767, array([[-1.00000001]])],
[3.183755356999427, -0.2826, 0.393062, -0.0888, 7.9767, array([[-1.00000001]])],
[3.1986556369993195, -0.2834, 0.498376, -0.0988, 7.9767, array([[-1.00000001]])],
[3.2141144989991517, -0.2853, 0.593014, -0.1188, 6.810875, array([[-1.00000001]])],
[3.2288526899992576, -0.2864, 0.687801, -0.1288, 6.810875, array([[-1.00000001]])],
[3.2442617789993164, -0.2889, 0.770269, -0.1488, 6.810875, array([[-1.00000001]])],
[3.258866148999914, -0.2903, 0.851274, -0.1588, 6.810875, array([[-1.00000001]])],
[3.282129746999999, -0.2934, 0.921444, -0.1788, 5.583691, array([[-1.00000001]])],
[3.305243315999178, -0.2969, 1.019778, -0.1988, 5.583691, array([[-1.00000001]])],
[3.3295195689997854, -0.3008, 1.096328, -0.2188, 4.049709, array([[-1.00000001]])],
[3.3651521369993134, -0.3074, 1.161983, -0.2488, 4.049709, array([[-1.00000001]])],
[3.3872324739995747, -0.3149, 1.210463, -0.2788, 2.331651, array([[-0.99999999]])],
[3.4054288809993523, -0.3204, 1.219848, -0.2988, 2.331651, array([[-0.81128213]])],
[3.4244567689993346, -0.3263, 1.215156, -0.3186, 0.490874, array([[1.00000001]])],
[3.439862634999372, -0.3326, 1.193259, -0.3348, 0.490874, array([[1.00000001]])],
[3.45404986199992, -0.3391, 1.168238, -0.3148, 0.490874, array([[1.00000001]])],
[3.4675920569998198, -0.3422, 1.135405, -0.3048, -1.349903, array([[1.00000001]])],
[3.4817001979999986, -0.3452, 1.097891, -0.2948, -1.349903, array([[1.00000001]])],
[3.495509065999613, -0.3509, 1.049454, -0.2748, -1.349903, array([[1.00000001]])],
[3.5091285229991627, -0.3536, 0.996356, -0.2648, -1.349903, array([[1.00000001]])],
[3.5232910219992846, -0.3587, 0.935485, -0.2448, -3.22136, array([[1.00000001]])],
[3.552330494999296, -0.3611, 0.86998, -0.2348, -3.22136, array([[1.00000001]])],
[3.589444812999318, -0.3677, 0.701798, -0.2048, -5.000777, array([[1.00000001]])],
[3.630938583999523, -0.3751, 0.448792, -0.1648, -5.000777, array([[1.00000001]])],
[3.664634952999222, -0.3809, 0.118378, -0.1248, -6.841555, array([[1.00000001]])],
[3.6810995939995337, -0.3842, -0.17928, -0.0948, -8.222137, array([[1.00000001]])],
[3.6946523059996252, -0.3859, -0.324381, -0.0748, -8.222137, array([[1.00000001]])],
[3.7093614469995373, -0.3866, -0.438636, -0.0648, -8.222137, array([[1.00000001]])],
[3.7252093319993946, -0.3877, -0.552639, -0.0448, -8.77437, array([[1.00000001]])],
[3.7399540849992263, -0.3881, -0.670948, -0.0348, -8.77437, array([[1.00000001]])],
[3.7550481599992054, -0.3886, -0.773892, -0.0148, -8.77437, array([[1.00000001]])],
[3.7710733879994223, -0.3887, -0.875156, -0.0048, -7.393787, array([[1.00000001]])],
[3.7861668159994224, -0.3887, -0.967222, 0.0152, -7.393787, array([[1.00000001]])],
[3.8007055599991872, -0.3886, -1.051645, 0.0252, -7.393787, array([[1.00000001]])],
[3.8167656890000217, -0.3881, -1.120931, 0.0452, -5.645049, array([[1.00000001]])],
[3.831456990999868, -0.3877, -1.188664, 0.0552, -5.645049, array([[1.00000001]])],
[3.8466603889992257, -0.3866, -1.242822, 0.0752, -5.645049, array([[1.00000001]])],
[3.861463800999445, -0.3859, -1.293952, 0.0852, -5.645049, array([[1.00000001]])],
[3.87745554599951, -0.3842, -1.331537, 0.1052, -3.865632, array([[1.00000001]])],
[3.891695031999916, -0.3832, -1.363103, 0.1152, -3.865632, array([[1.00000001]])],
[3.906866775999333, -0.3809, -1.382642, 0.1352, -3.865632, array([[1.00000001]])],
[3.922602688999177, -0.3796, -1.396167, 0.1452, -1.902136, array([[1.00000001]])],
[3.9370939860000362, -0.3767, -1.399173, 0.1652, -1.902136, array([[1.]])],
[3.9512797199995475, -0.3751, -1.394665, 0.1752, -1.902136, array([[1.]])],
[3.965392427999177, -0.3716, -1.379636, 0.1952, 0.122718, array([[-0.47809551]])],
[3.9792829689995415, -0.3697, -1.357091, 0.2052, 0.122718, array([[-0.74510859]])],
[3.99454048699954, -0.3657, -1.327027, 0.1958, 0.122718, array([[-0.99999998]])],
[4.009134555999481, -0.3638, -1.283427, 0.1884, 0.122718, array([[-1.]])],
[4.023666257999139, -0.3603, -1.233798, 0.1686, 2.270292, array([[-1.00000001]])],
[4.037581758999295, -0.3587, -1.176626, 0.1586, 2.270292, array([[-1.00000001]])],
[4.051424481999675, -0.3572, -1.117919, 0.1486, 2.270292, array([[-1.00000001]])],
[4.066279037999266, -0.3545, -1.050138, 0.1286, 4.203107, array([[-1.00000001]])],
[4.081173242999284, -0.3533, -0.964205, 0.1186, 4.203107, array([[-1.00000001]])],
[4.095472156999676, -0.3512, -0.873646, 0.0986, 4.203107, array([[-1.00000001]])],
[4.109867436999593, -0.3503, -0.775404, 0.0886, 4.203107, array([[-1.00000001]])],
[4.138944194000032, -0.3488, -0.677009, 0.0686, 6.258642, array([[-1.00000001]])],
[4.168392966999818, -0.3473, -0.431027, 0.0386, 6.258642, array([[-1.00000001]])],
[4.196060903999751, -0.3467, -0.165511, 0.0086, 8.160778, array([[-1.00000001]])],
[4.225148098999853, -0.3467, 0.101452, -0.0114, 8.160778, array([[-1.00000001]])],
[4.250082039999143, -0.3473, 0.371405, -0.0414, 9.6334, array([[-1.00000001]])],
[4.274669686999914, -0.3488, 0.580594, -0.0714, 8.713011, array([[-1.00000001]])],
[4.289796722999199, -0.3503, 0.77494, -0.0914, 8.713011, array([[-1.00000001]])],
[4.304697273999409, -0.3522, 0.885572, -0.1114, 8.713011, array([[-1.00000001]])],
[4.320590060999166, -0.3533, 0.982305, -0.1214, 7.301749, array([[-1.00000001]])],
[4.335473560999162, -0.3558, 1.077577, -0.1414, 7.301749, array([[-1.00000001]])],
[4.350091755999529, -0.3572, 1.163547, -0.1514, 7.301749, array([[-1.00000001]])],
[4.366227575999801, -0.3603, 1.235491, -0.1714, 5.706409, array([[-1.00000001]])],
[4.381928377999429, -0.362, 1.30277, -0.1814, 5.706409, array([[-1.00000001]])],
[4.397880735999934, -0.3657, 1.362242, -0.2014, 5.706409, array([[-0.33646062]])],
[4.4137405449992, -0.3677, 1.413897, -0.2114, 5.706409, array([[0.04974628]])],
[4.429791810999632, -0.3719, 1.451467, -0.218, 3.681554, array([[0.56888799]])],
[4.445848095999281, -0.3761, 1.479644, -0.2172, 3.681554, array([[0.96741924]])],
[4.483963897999274, -0.3782, 1.496864, -0.2116, 3.681554, array([[1.00000001]])],
[4.538188501999684, -0.386, 1.501561, -0.1732, 1.656699, array([[1.00000001]])],
[4.590387628999451, -0.3935, 1.402939, -0.1232, -0.184078, array([[1.00000001]])],
[4.633423835999565, -0.3992, 1.199515, -0.0632, -2.36233, array([[1.00000001]])],
[4.67002332499942, -0.401, 0.941727, -0.0232, -4.172428, array([[0.99999999]])],
[4.708932352999909, -0.4013, 0.670698, 0.0168, -6.320001, array([[1.]])],
[4.724224873999447, -0.4003, 0.326572, 0.0564, -8.130098, array([[1.00000001]])],
[4.739459597999485, -0.3998, 0.184599, 0.0664, -8.130098, array([[1.00000001]])],
[4.754074455999216, -0.3985, 0.023052, 0.0864, -8.130098, array([[1.00000001]])],
[4.76997387999927, -0.3977, -0.125713, 0.0964, -9.848157, array([[1.00000001]])],
[4.785046455999691, -0.3958, -0.298447, 0.1164, -9.848157, array([[1.00000001]])],
[4.799734539999918, -0.3947, -0.444723, 0.1264, -9.848157, array([[1.00000001]])],
[4.814868116999605, -0.3922, -0.582999, 0.1464, -10.124273, array([[1.00000001]])],
[4.82928661599999, -0.3908, -0.723956, 0.1564, -10.124273, array([[1.00000001]])],
[4.843760808999832, -0.3877, -0.844944, 0.1764, -10.124273, array([[1.00000001]])],
[4.867692259999785, -0.386, -0.952137, 0.1864, -10.124273, array([[1.00000001]])],
[4.904487956999219, -0.3823, -1.129964, 0.2064, -8.467574, array([[1.00000001]])],
[4.935811349999312, -0.3737, -1.348072, 0.2464, -6.596117, array([[1.00000001]])],
[4.961429227999361, -0.3662, -1.495342, 0.2764, -6.596117, array([[-1.00000001]])],
[4.98957240999971, -0.3578, -1.586997, 0.3064, -4.632622, array([[-1.00000001]])],
[5.007013715999165, -0.3491, -1.65311, 0.2764, -4.632622, array([[-1.00000001]])],
[5.024731752999287, -0.3464, -1.678653, 0.2664, -2.515728, array([[-1.00000001]])],
[5.0402605649996985, -0.3413, -1.687668, 0.2464, -2.515728, array([[-1.00000001]])],
[5.05518070799917, -0.3366, -1.684663, 0.2264, -2.515728, array([[-1.00000001]])],
[5.070548737999161, -0.3344, -1.678653, 0.2164, -0.276117, array([[-1.]])],
[5.085632234999139, -0.3303, -1.662125, 0.1964, -0.276117, array([[-0.99999999]])],
[5.1014563249991625, -0.3284, -1.632075, 0.1865, -0.276117, array([[-0.99999984]])],
[5.117141470999741, -0.3249, -1.593008, 0.1667, 1.59534, array([[-1.]])],
[5.131676179999886, -0.3233, -1.540418, 0.1568, 1.59534, array([[-1.00000001]])],
[5.146211083999333, -0.3204, -1.484824, 0.1368, 1.59534, array([[-1.00000001]])],
[5.160429504999229, -0.3191, -1.417206, 0.1268, 1.59534, array([[-1.00000001]])],
[5.174699127999702, -0.3168, -1.349575, 0.1068, 3.98835, array([[-1.00000001]])],
[5.188510369999676, -0.3158, -1.268389, 0.0968, 3.98835, array([[-1.00000001]])],
[5.203103917999215, -0.3149, -1.185655, 0.0868, 3.98835, array([[-1.00000001]])],
[5.217235623999841, -0.3134, -1.0878, 0.0668, 5.921166, array([[-1.00000001]])],
[5.23214195699984, -0.3128, -0.983812, 0.0568, 5.921166, array([[-1.00000001]])],
[5.247088584999801, -0.3119, -0.869115, 0.0368, 5.921166, array([[-1.00000001]])],
[5.26170245799949, -0.3116, -0.745146, 0.0268, 5.921166, array([[-1.00000001]])],
[5.276702358999501, -0.3113, -0.611825, 0.0068, 7.9767, array([[-1.00000001]])],
[5.291736945999219, -0.3113, -0.456894, -0.0032, 7.9767, array([[-1.00000001]])],
[5.306235686000036, -0.3114, -0.30455, -0.0232, 7.9767, array([[-1.00000001]])],
[5.322023655999146, -0.3116, -0.15786, -0.0332, 10.124273, array([[-1.00000001]])],
[5.3368746269998155, -0.3123, 0.029197, -0.0532, 10.124273, array([[-1.00000001]])],
[5.352297391999855, -0.3128, 0.200011, -0.0632, 10.124273, array([[-1.00000001]])],
[5.367221198999687, -0.3141, 0.354395, -0.0832, 10.891264, array([[-1.00000001]])],
[5.384076860999812, -0.3149, 0.512329, -0.0932, 10.891264, array([[-1.00000001]])],
[5.40021323199926, -0.3168, 0.670698, -0.1132, 10.891264, array([[-1.00000001]])],
[5.41708580499926, -0.3191, 0.820108, -0.1332, 9.449322, array([[-1.00000001]])],
[5.4328550899999755, -0.3204, 0.958892, -0.1432, 9.449322, array([[-1.00000001]])],
[5.4474653209999815, -0.3233, 1.082264, -0.1632, 9.449322, array([[-1.00000001]])],
[5.462392628999623, -0.3249, 1.188567, -0.1732, 9.449322, array([[-1.00000001]])],
[5.479635619999499, -0.3284, 1.285557, -0.1932, 7.761943, array([[-1.00000001]])],
[5.4955742719994305, -0.3323, 1.391982, -0.2132, 7.761943, array([[0.70256388]])],
[5.5101587489998565, -0.3344, 1.471817, -0.2232, 7.761943, array([[1.00000001]])],
[5.527284727999358, -0.3387, 1.540696, -0.2092, 5.737088, array([[1.00000001]])],
[5.5421604059993115, -0.3407, 1.609573, -0.1992, 5.737088, array([[1.00000001]])],
[5.5581858209998245, -0.3444, 1.658101, -0.1792, 5.737088, array([[1.00000001]])],
[5.574919778999174, -0.3461, 1.706628, -0.1692, 3.712234, array([[1.00000001]])],
[5.592360167999686, -0.3492, 1.744194, -0.1492, 3.712234, array([[1.00000001]])],
[5.624492668999665, -0.3519, 1.777061, -0.1292, 3.712234, array([[1.00000001]])],
[5.6800646989995585, -0.3552, 1.79897, -0.0992, 2.147573, array([[1.00000001]])],
[5.705759695999404, -0.3591, 1.720716, -0.0392, -0.214757, array([[0.75598139]])],
[5.729326407999906, -0.3596, 1.647143, -0.0192, -2.086214, array([[0.68895867]])],
[5.742818257999716, -0.3598, 1.55948, 0.0033, -2.086214, array([[1.00000001]])],
[5.755983918999846, -0.3598, 1.503126, 0.0101, -2.086214, array([[1.00000001]])],
[5.770015426999635, -0.3597, 1.438943, 0.0201, -3.865632, array([[1.00000001]])],
[5.783498647999295, -0.3592, 1.359112, 0.0401, -3.865632, array([[1.00000001]])],
[5.797235165999155, -0.3588, 1.277734, 0.0501, -3.865632, array([[1.00000001]])],
[5.8114221329997235, -0.3583, 1.187003, 0.0601, -3.865632, array([[1.00000001]])],
[5.824805887999901, -0.357, 1.079139, 0.0801, -5.767768, array([[1.00000001]])],
[5.838089837999178, -0.3562, 0.982305, 0.0901, -5.767768, array([[1.00000001]])],
[5.851627736999944, -0.3553, 0.86998, 0.1001, -5.767768, array([[1.00000001]])],
[5.866635293999934, -0.3532, 0.750032, 0.1201, -8.068739, array([[1.00000001]])],
[5.880396771999585, -0.352, 0.600778, 0.1301, -8.068739, array([[1.00000001]])],
[5.8939843939997445, -0.3493, 0.467381, 0.1501, -8.068739, array([[1.00000001]])],
[5.907879728999433, -0.3478, 0.323482, 0.1601, -8.068739, array([[1.00000001]])],
[5.922891741999592, -0.3462, 0.172272, 0.1701, -9.756118, array([[1.00000001]])],
[5.937205446999542, -0.3427, -0.010728, 0.1901, -9.756118, array([[1.00000001]])],
[5.950193344999207, -0.3408, -0.15633, 0.2001, -9.756118, array([[1.00000001]])],
[5.9660735329998715, -0.3367, -0.328956, 0.2201, -11.842332, array([[1.00000001]])],
[5.979785637999157, -0.3345, -0.502508, 0.2301, -11.842332, array([[1.00000001]])],
[5.992808888999207, -0.3298, -0.648216, 0.2501, -11.842332, array([[1.00000001]])],
[6.009297904999585, -0.3273, -0.782967, 0.2601, -11.842332, array([[1.00000001]])],
[6.0267710629996145, -0.322, -0.938558, 0.2801, -10.645827, array([[1.00000001]])],
[6.040496779000023, -0.3192, -1.083282, 0.2901, -10.645827, array([[1.00000001]])],
[6.060225731999708, -0.3133, -1.202206, 0.3101, -10.645827, array([[1.00000001]])],
[6.1073507239998435, -0.307, -1.348072, 0.3301, -8.620972, array([[1.]])],
[6.122137421999469, -0.2932, -1.64109, 0.3701, -6.626797, array([[-1.00000001]])],
[6.135684103999665, -0.2857, -1.713211, 0.3901, -6.626797, array([[-1.00000001]])],
[6.148930331999509, -0.2818, -1.770312, 0.3801, -6.626797, array([[-1.00000001]])],
[6.163707078999323, -0.278, -1.82141, 0.3701, -6.626797, array([[-1.00000001]])],
[6.1861352519999855, -0.2707, -1.866506, 0.3501, -4.693981, array([[-1.00000001]])],
[6.199089366999942, -0.2638, -1.919132, 0.3301, -4.693981, array([[-1.00000001]])],
[6.212381105999157, -0.2605, -1.934172, 0.3201, -4.693981, array([[-1.00000001]])],
[6.233123424999576, -0.2542, -1.950717, 0.3001, -2.300971, array([[-1.00000001]])],
[6.247257639999589, -0.2483, -1.964255, 0.2801, -2.300971, array([[-1.00000001]])],
[6.2611838969996825, -0.2455, -1.967264, 0.2701, -2.300971, array([[-1.00000001]])],
[6.278247544999431, -0.2402, -1.964255, 0.2501, -0.705631, array([[-1.00000001]])],
[6.291180315999554, -0.2377, -1.9447, 0.2401, -0.705631, array([[-1.00000001]])],
[6.30453562799994, -0.233, -1.923644, 0.2201, -0.705631, array([[-1.00000001]])],
[6.320880101999137, -0.2308, -1.896576, 0.2101, 1.227185, array([[1.00000001]])],
[6.3344673619994865, -0.2267, -1.851473, 0.1901, 1.227185, array([[1.00000001]])],
[6.395741982999425, -0.2248, -1.803374, 0.2001, 1.227185, array([[1.00000001]])],
[6.423440051999933, -0.2113, -1.504357, 0.2601, 3.344078, array([[-1.00000001]])],
[6.445077566999316, -0.2032, -1.321014, 0.2901, 5.338253, array([[-1.00000001]])],
[6.467656021999574, -0.1975, -1.163081, 0.2701, 5.338253, array([[-1.00000001]])],
[6.488321416999497, -0.1922, -0.965714, 0.2501, 7.24039, array([[-1.00000001]])],
[6.502288614999998, -0.1873, -0.770867, 0.2301, 7.24039, array([[-1.00000001]])],
[6.5168576099995335, -0.1828, -0.633056, 0.2101, 9.387962, array([[-1.00000001]])],
[6.530787816999691, -0.1807, -0.475144, 0.2001, 9.387962, array([[-1.00000001]])],
[6.544100036999225, -0.1768, -0.316755, 0.1801, 9.387962, array([[-1.00000001]])],
[6.5572300049998375, -0.175, -0.15786, 0.1701, 9.387962, array([[-1.00000001]])],
[6.572339275999184, -0.1733, 0.010766, 0.1601, 11.627575, array([[-1.00000001]])],
[6.587534074999894, -0.1702, 0.196928, 0.1401, 11.627575, array([[-1.00000001]])],
[6.600165895999453, -0.1688, 0.368312, 0.1301, 11.627575, array([[-1.00000001]])],
[6.613583811999888, -0.1663, 0.509228, 0.1101, 11.903691, array([[-1.00000001]])],
[6.627116645999195, -0.1652, 0.655153, 0.1001, 11.903691, array([[-1.00000001]])],
[6.644220625999878, -0.1642, 0.793626, 0.0901, 11.903691, array([[-1.00000001]])],
[6.664926359999299, -0.1625, 0.963574, 0.0701, 11.903691, array([[-1.00000001]])],
[6.915635583999574, -0.1612, 1.146348, 0.0501, 9.909516, array([[-1.00000001]])],
[6.944803052999305, -0.1768, 2.01166, -0.1999, 0.214757, array([[1.00000001]])],
[6.959812190999401, -0.1828, 1.94601, -0.2299, 0.214757, array([[1.00000001]])],
[6.97661586599952, -0.1871, 1.905352, -0.2099, -1.902136, array([[-1.00000001]])],
[6.9905931939993025, -0.1891, 1.842782, -0.1999, -1.902136, array([[-1.00000001]])],
[7.004611574999217, -0.193, 1.783321, -0.2199, -1.902136, array([[-1.00000001]])],
[7.020195209999656, -0.1951, 1.720716, -0.2299, -3.773593, array([[-1.]])],
[7.034734444999231, -0.1996, 1.640882, -0.2499, -3.773593, array([[1.00000001]])],
[7.0500354969999535, -0.202, 1.56261, -0.2598, -3.773593, array([[1.00000001]])],
[7.063846678999653, -0.2069, 1.465556, -0.2398, -5.307574, array([[1.00000001]])],
[7.077470819999689, -0.2092, 1.371633, -0.2298, -5.307574, array([[1.00000001]])],
[7.103519857999345, -0.2114, 1.266781, -0.2198, -5.307574, array([[1.00000001]])],
[7.1318324399999256, -0.2174, 1.054141, -0.1898, -7.516506, array([[1.00000001]])],
[7.168408579999777, -0.2225, 0.782725, -0.1598, -7.516506, array([[1.00000001]])],
[7.191176484999232, -0.2267, 0.388421, -0.1298, -9.694758, array([[1.00000001]])],
[7.212642778999907, -0.23, 0.113761, -0.0998, -9.694758, array([[1.00000001]])],
[7.2311016329995255, -0.2317, -0.15633, -0.0798, -11.719613, array([[1.00000001]])],
[7.245498607999252, -0.233, -0.394488, -0.0598, -11.719613, array([[1.00000001]])],
[7.259163324999463, -0.2335, -0.569339, -0.0498, -11.719613, array([[1.00000001]])],
[7.283722334999766, -0.2339, -0.722442, -0.0398, -12.578642, array([[1.00000001]])],
[7.302683533999698, -0.2345, -0.979288, -0.0098, -12.578642, array([[-1.00000001]])],
[7.383025261999137, -0.2345, -1.157061, 0.0102, -10.339031, array([[1.00000001]])],
[7.406924019999678, -0.2359, -1.767307, -0.0698, -8.436894, array([[-1.00000001]])],
[7.781012172999908, -0.237, -1.896576, -0.0498, -6.504078, array([[-1.00000001]])],
[7.8852242189996105, -0.3225, -1.38715, -0.4298, 5.798448, array([[1.00000001]])],
[7.9773398249999445, -0.369, -0.327431, -0.51, 9.848157, array([[1.00000001]])],
[8.052600896999138, -0.4105, 0.776497, -0.41, 12.76272, array([[1.00000001]])],
[8.14502357999936, -0.4405, 1.410766, -0.33, 7.884662, array([[1.00000001]])],
[8.17504760599968, -0.4666, 1.87407, -0.24, 5.767768, array([[1.00000001]])],
[8.207810411999162, -0.4735, 1.963207, -0.21, 4.049709, array([[1.00000001]])],
[8.238893128999734, -0.4795, 2.017911, -0.18, 2.331651, array([[1.00000001]])],
[8.26689067299958, -0.4846, 2.022599, -0.15, 2.331651, array([[1.00000001]])],
[8.294283259999247, -0.4888, 2.005409, -0.12, 0.214757, array([[1.00000001]])],
[8.321753396999156, -0.4921, 1.971024, -0.09, 0.214757, array([[1.00000001]])],
[8.349690568999904, -0.4945, 1.905352, -0.06, -1.104466, array([[1.00000001]])],
[8.379811604999304, -0.496, 1.800535, -0.03, -3.19068, array([[1.]])],
[8.406904507000036, -0.4966, 1.656536, 0.0, -3.19068, array([[0.99999999]])],
[8.435711040999195, -0.4965, 1.509388, 0.02, -4.878059, array([[0.99999999]])],
[8.461024356999587, -0.4958, 1.313725, 0.0497, -4.878059, array([[0.99999999]])],
[8.489257220999207, -0.4943, 1.11821, 0.0794, -6.749516, array([[0.99999999]])],
[8.51376568699925, -0.4928, 0.857509, 0.0992, -6.749516, array([[0.99999999]])],
[8.5357052749996, -0.4898, 0.616309, 0.1289, -8.74369, array([[0.99999999]])],
[8.591414760999214, -0.4873, 0.363673, 0.1487, -8.74369, array([[1.]])],
[8.638625186999889, -0.4774, -0.324381, 0.2081, -11.075342, array([[1.]])],
[8.714376172999437, -0.4688, -0.861562, 0.2481, -12.640001, array([[1.]])],
[8.771880746999159, -0.4468, -1.519382, 0.3281, -8.897089, array([[0.99999999]])],
[8.806380256000011, -0.4261, -1.874023, 0.3881, -6.964273, array([[0.99999999]])],
[8.84457841099993, -0.4144, -2.018424, 0.4178, -4.878059, array([[0.99999999]])],
[8.859454044999438, -0.3974, -2.117805, 0.4574, -4.878059, array([[-1.00000001]])],
[8.881597332999263, -0.3929, -2.132872, 0.4673, -2.669127, array([[-1.00000001]])],
[8.896942360999674, -0.3794, -2.152463, 0.4373, -2.669127, array([[-1.00000001]])],
[8.911284222999711, -0.3751, -2.158492, 0.4273, -2.669127, array([[-1.00000001]])],
[8.934881885999857, -0.3668, -2.163014, 0.4073, -0.736311, array([[-1.00000001]])],
[8.94943208099994, -0.3589, -2.152463, 0.3873, -0.736311, array([[-1.00000001]])],
[8.963880284999505, -0.3551, -2.132872, 0.3773, -0.736311, array([[-1.00000001]])],
[8.983742802999586, -0.3478, -2.104247, 0.3573, 0.552233, array([[1.00000001]])],
[8.998556707999342, -0.3409, -2.053046, 0.3373, 0.552233, array([[1.00000001]])],
[9.016037107999182, -0.3376, -2.006385, 0.3473, 0.552233, array([[1.00000001]])],
[9.031274571999347, -0.3307, -1.953725, 0.3673, 2.638447, array([[1.00000001]])],
[9.047317244999249, -0.3234, -1.895073, 0.3873, 2.638447, array([[1.00000001]])],
[9.061915223999677, -0.3196, -1.812392, 0.3973, 2.638447, array([[1.00000001]])],
[9.076395837999371, -0.3117, -1.72974, 0.4173, 4.141748, array([[1.]])],
[9.097746745999757, -0.3076, -1.639588, 0.4273, 4.141748, array([[-1.00000001]])],
[9.117220159999306, -0.2991, -1.501352, 0.4471, 4.141748, array([[-1.00000001]])],
[9.13172924599985, -0.2904, -1.355588, 0.4271, 6.442719, array([[-1.00000001]])],
[9.147116925999399, -0.2821, -1.232293, 0.4071, 6.442719, array([[-1.00000001]])],
[9.162185164999755, -0.2781, -1.090813, 0.3971, 6.442719, array([[-1.00000001]])],
[9.178011637999589, -0.2704, -0.955154, 0.3771, 8.436894, array([[-1.00000001]])],
[9.193769357999372, -0.2667, -0.796577, 0.3671, 8.436894, array([[-1.00000001]])],
[9.208749835999697, -0.2596, -0.614859, 0.3471, 8.436894, array([[-1.00000001]])],
[9.22366275299919, -0.2562, -0.443201, 0.3371, 10.523108, array([[-1.00000001]])],
[9.237151922999146, -0.2497, -0.258757, 0.3171, 10.523108, array([[-1.00000001]])],
[9.251134747999458, -0.2466, -0.081285, 0.3071, 10.523108, array([[-1.00000001]])],
[9.280018828999346, -0.2407, 0.109145, 0.2871, 13.008157, array([[-1.00000001]])],
[9.310927112999707, -0.2326, 0.467381, 0.2571, 13.008157, array([[-1.00000001]])],
[9.340459267999904, -0.2254, 0.815434, 0.2271, 11.873012, array([[-1.00000001]])],
[9.367656401999739, -0.2191, 1.113521, 0.1971, 11.873012, array([[-0.5529213]])],
[9.410698148999472, -0.2154, 1.352851, 0.1771, 9.970876, array([[0.99999999]])],
[9.449132554999778, -0.2073, 1.665928, 0.1496, 7.669904, array([[1.00000001]])],
[9.47886853, -0.2028, 1.880327, 0.1793, 7.669904, array([[1.00000001]])],
[9.76641280900003, -0.1974, 2.014786, 0.2093, 5.737088, array([[1.00000001]])],
[9.803652923999834, -0.0988, 2.019474, 0.4993, -2.822525, array([[-1.00000001]])],
[9.82513294399996, -0.0787, 1.833394, 0.51, -4.356505, array([[-1.00000001]])],
[9.844531078999353, -0.0687, 1.703498, 0.48, -4.356505, array([[-1.00000001]])],
[9.860251953999978, -0.0592, 1.578264, 0.46, -4.356505, array([[-0.60615381]])],
[9.876325803999862, -0.0501, 1.465556, 0.44, -6.227962, array([[1.00000001]])],
[9.894151942999997, -0.0457, 1.332505, 0.434, -6.227962, array([[1.00000001]])],
[9.909715686999334, -0.037, 1.174493, 0.454, -6.227962, array([[1.00000001]])],
[9.924393053999665, -0.0325, 1.032272, 0.464, -8.160778, array([[1.00000001]])],
[9.944523548999314, -0.0232, 0.888691, 0.484, -8.160778, array([[1.00000001]])],
[9.960601188999135, -0.0135, 0.675362, 0.504, -8.160778, array([[1.00000001]])],
[9.976039939999282, -0.0034, 0.484426, 0.51, -10.032234, array([[1.00000001]])],
[9.990727679999509, 0.0017, 0.292586, 0.51, -10.032234, array([[1.00000001]])],
[10.005995308999445, 0.0119, 0.104529, 0.51, -10.032234, array([[1.00000001]])],
[10.025385528999323, 0.017, -0.088948, 0.51, -12.609322, array([[1.00000001]])],
[10.040257916999508, 0.0272, -0.348777, 0.51, -12.609322, array([[1.00000001]])],
[10.069082435999917, 0.0374, -0.531377, 0.51, -12.609322, array([[1.00000001]])],
[10.09911615999954, 0.0476, -0.860052, 0.51, -12.854759, array([[-1.00000001]])],
[10.14135929099939, 0.0629, -1.166091, 0.51, -12.854759, array([[-1.00000001]])],
[10.169725855999786, 0.087, -1.519382, 0.45, -10.308352, array([[-1.00000001]])],
[10.213692099999207, 0.0959, -1.714714, 0.43, -8.498254, array([[-1.00000001]])],
[10.24666654199973, 0.1164, -1.962751, 0.38, -6.442719, array([[-1.00000001]])],
[10.27072691199919, 0.1275, -2.087679, 0.35, -6.442719, array([[-1.00000001]])],
[10.427112962999672, 0.1377, -2.156985, 0.32, -4.080389, array([[-1.00000001]])],
[10.45254129299974, 0.1752, -2.235399, 0.17, 0.337476, array([[0.48307712]])],
[10.472678252999685, 0.18, -2.176581, 0.14, 1.718059, array([[1.00000001]])],
[10.49149006799962, 0.1828, -2.117805, 0.1496, 1.718059, array([[1.00000001]])],
[10.512325215999226, 0.1857, -2.050035, 0.1696, 1.718059, array([[1.00000001]])],
[10.528425918999346, 0.189, -1.967264, 0.1896, 3.313399, array([[1.00000001]])],
[10.548613668999678, 0.1908, -1.881541, 0.1996, 3.313399, array([[1.00000001]])],
[10.563467974999185, 0.1947, -1.767307, 0.2196, 3.313399, array([[1.00000001]])],
[10.57923066299918, 0.199, -1.662125, 0.2396, 5.430292, array([[-1.00000001]])],
[10.594231832999867, 0.2013, -1.550935, 0.2496, 5.430292, array([[-1.00000001]])],
[10.611341838999579, 0.206, -1.439747, 0.2296, 5.430292, array([[-1.00000001]])],
[10.625878737999301, 0.2103, -1.295456, 0.2096, 7.393787, array([[-1.00000001]])],
[10.640199579999717, 0.2123, -1.158566, 0.1996, 7.393787, array([[-1.00000001]])],
[10.654195016999438, 0.216, -1.02904, 0.1796, 7.393787, array([[-1.00000001]])],
[10.669960938999793, 0.2177, -0.881197, 0.1696, 9.541361, array([[-1.00000001]])],
[10.684491817999515, 0.2193, -0.711844, 0.1596, 9.541361, array([[-1.00000001]])],
[10.699208189999808, 0.2222, -0.538972, 0.1396, 9.541361, array([[-1.00000001]])],
[10.714673739999853, 0.2235, -0.354874, 0.1296, 9.541361, array([[-1.00000001]])],
[10.729978681999455, 0.2258, -0.15786, 0.1096, 11.750293, array([[-1.00000001]])],
[10.743875442999524, 0.2268, 0.064542, 0.0996, 11.750293, array([[-1.00000001]])],
[10.758202842999708, 0.2285, 0.243192, 0.0796, 11.750293, array([[-1.00000001]])],
[10.782484406999174, 0.2292, 0.430209, 0.0696, 13.345634, array([[-1.00000001]])],
[10.79882271599945, 0.2307, 0.712686, 0.0396, 13.345634, array([[1.00000001]])],
[10.878580437999517, 0.231, 0.896488, 0.0296, 13.345634, array([[1.00000001]])],
[10.911579580999387, 0.2354, 1.611138, 0.1096, 9.449322, array([[1.00000001]])],
[11.279070681999656, 0.24, 1.822442, 0.1496, 7.148351, array([[1.00000001]])],
[11.356243160999838, 0.3534, 2.209925, 0.5096, -1.932816, array([[-1.00000001]])],
[11.399250661999758, 0.3941, 1.839653, 0.51, -4.847379, array([[-1.00000001]])],
[11.425934823999341, 0.4136, 1.564176, 0.46, -4.847379, array([[-1.00000001]])],
[11.458633299999747, 0.4271, 1.34659, 0.43, -6.289321, array([[-1.00000001]])],
[11.493998179999835, 0.4397, 1.040082, 0.4, -8.559613, array([[-1.00000001]])],
[11.526769620999403, 0.4551, 0.655153, 0.36, -8.559613, array([[-1.00000001]])],
[11.556334138999773, 0.4656, 0.275602, 0.33, -10.553788, array([[-1.00000001]])],
[11.587812387999293, 0.4752, -0.113461, 0.3, -12.241167, array([[-1.00000001]])],
[11.636192809999557, 0.4839, -0.514666, 0.27, -12.241167, array([[-1.00000001]])],
[11.901219193999168, 0.4964, -1.023011, 0.22, -12.640001, array([[-1.00000001]])],
[11.975915062999775, 0.5207, -2.092198, -0.05, -0.153398, array([[-1.]])],
[12.004856218999521, 0.5151, -1.9447, -0.12, 1.59534, array([[-0.99999998]])],
[12.032394109999586, 0.5112, -1.830429, -0.15, 3.313399, array([[-0.99999998]])],
[12.059414403999654, 0.5066, -1.689171, -0.1797, 3.313399, array([[-0.99999999]])],
[12.086553960999481, 0.5031, -1.519382, -0.1995, 5.522331, array([[-0.99999999]])],
[12.114560397999412, 0.4971, -1.327027, -0.2292, 5.522331, array([[-0.99999999]])],
[12.14143274899925, 0.4902, -1.096837, -0.2589, 7.393787, array([[-0.99999999]])],
[12.165839256999789, 0.4824, -0.844944, -0.2886, 7.393787, array([[-0.99999999]])],
[12.190167093999662, 0.4767, -0.581482, -0.3084, 9.572041, array([[-0.99999999]])],
[12.219921893999526, 0.4706, -0.296921, -0.3282, 9.572041, array([[-0.99999999]])],
[12.251200232999508, 0.4607, 0.084531, -0.3579, 11.842332, array([[-0.99999999]])],
[12.278765476999979, 0.4461, 0.476677, -0.3975, 12.455925, array([[-0.99999999]])],
[12.316429305999918, 0.4382, 0.773383, -0.4173, 12.455925, array([[-0.99999999]])],
[12.352506008999626, 0.4212, 1.146348, -0.4569, 10.431069, array([[-0.99999999]])],
[12.369680623000022, 0.4026, 1.445205, -0.4965, 8.559613, array([[1.00000001]])],
[12.384858283999165, 0.3977, 1.568872, -0.5064, 8.559613, array([[1.00000001]])],
[12.407344560999263, 0.3878, 1.661232, -0.48, 8.559613, array([[1.00000001]])],
[12.474661688999731, 0.3783, 1.788016, -0.46, 6.289321, array([[1.00000001]])],
[12.51926719399944, 0.3482, 2.08352, -0.39, 4.693981, array([[1.00000001]])],
[12.555515648999972, 0.3332, 2.19277, -0.35, 3.313399, array([[1.00000001]])],
[12.605500348999158, 0.3198, 2.223959, -0.31, 1.227185, array([[1.00000001]])],
[12.63863452699934, 0.3053, 2.227077, -0.26, 0.214757, array([[1.00000001]])],
[12.663334259999829, 0.2978, 2.180291, -0.23, 0.214757, array([[1.00000001]])],
[12.690477144999932, 0.2912, 2.111625, -0.2, -1.656699, array([[-1.00000001]])],
[12.706764988000032, 0.2873, 2.027286, -0.18, -1.656699, array([[-1.00000001]])],
[12.721880588999738, 0.2836, 1.97415, -0.2, -2.914564, array([[-1.00000001]])],
[12.73742275099994, 0.2795, 1.90848, -0.22, -2.914564, array([[-1.00000001]])],
[12.752256597999803, 0.2773, 1.83183, -0.23, -2.914564, array([[-1.00000001]])],
[12.767350612999508, 0.2726, 1.747324, -0.25, -4.8167, array([[-1.00000001]])],
[12.78175637699951, 0.2701, 1.656536, -0.26, -4.8167, array([[1.00000001]])],
[12.797485692999544, 0.2648, 1.565741, -0.28, -4.8167, array([[1.00000001]])],
[12.815088245999505, 0.262, 1.454597, -0.27, -4.8167, array([[1.00000001]])],
[12.83000880399959, 0.2567, 1.313725, -0.25, -6.320001, array([[1.00000001]])],
[12.845326199999363, 0.2542, 1.176057, -0.24, -6.320001, array([[1.00000001]])],
[12.859898699999576, 0.2495, 1.044768, -0.22, -6.320001, array([[1.00000001]])],
[12.875481112999296, 0.2473, 0.904286, -0.21, -8.590293, array([[1.00000001]])],
[12.890371861999483, 0.2432, 0.740693, -0.19, -8.590293, array([[1.00000001]])],
[12.905539657999725, 0.2413, 0.565072, -0.18, -8.590293, array([[1.00000001]])],
[12.921270981999442, 0.2378, 0.391515, -0.16, -10.891264, array([[1.00000001]])],
[12.936103491999347, 0.2347, 0.193846, -0.14, -10.891264, array([[1.00000001]])],
[12.951645754999845, 0.2333, -0.010728, -0.13, -10.891264, array([[1.00000001]])],
[12.977101110999683, 0.2308, -0.206806, -0.11, -12.916119, array([[1.00000001]])],
[12.997549611999602, 0.2287, -0.542009, -0.09, -12.916119, array([[1.00000001]])],
[13.013236181999673, 0.227, -0.785991, -0.07, -12.916119, array([[0.3390595]])],
[13.028529368999443, 0.2257, -0.956663, -0.05, -12.486605, array([[-0.35361328]])],
[13.174345111999173, 0.2252, -1.107379, -0.0467, -12.486605, array([[-1.00000001]])],
[13.21944235599949, 0.2152, -2.134379, -0.0992, -6.166603, array([[-1.00000001]])],
[13.584620762999293, 0.211, -2.280675, -0.1392, -4.049709, array([[-0.22467462]])],
[13.630559505999372, 0.0963, -1.599018, -0.5092, 5.399613, array([[-0.17017526]])],
[13.647054668999772, 0.0763, -1.208224, -0.5022, 7.547185, array([[-1.00000001]])],
[13.663500114999806, 0.0663, -1.048631, -0.5017, 7.547185, array([[-1.00000001]])],
[13.679894822999813, 0.0562, -0.890257, -0.51, 9.173205, array([[-1.00000001]])],
[13.695286675999341, 0.0511, -0.705787, -0.51, 9.173205, array([[-1.00000001]])],
[13.712552978999156, 0.0409, -0.519224, -0.51, 9.173205, array([[-1.00000001]])],
[13.729411481999705, 0.0307, -0.293869, -0.51, 11.412817, array([[-1.00000001]])],
[13.745325021999633, 0.0256, -0.07362, -0.51, 11.412817, array([[-1.00000001]])],
[13.761454126999524, 0.0154, 0.13531, -0.51, 11.412817, array([[-1.00000001]])],
[13.788079859999925, 0.0052, 0.348211, -0.51, 13.192235, array([[-1.00000001]])],
[13.804332499999873, -0.005, 0.653599, -0.51, 13.192235, array([[1.00000001]])],
[13.824507805999929, -0.0152, 0.835689, -0.51, 11.780972, array([[-1.00000001]])],
[13.844798416999765, -0.0252, 1.035396, -0.48, 11.780972, array([[0.43719569]])],
[13.874954138999783, -0.0349, 1.224541, -0.5, 11.780972, array([[1.00000001]])],
[13.918705802999284, -0.0497, 1.467121, -0.4871, 9.387962, array([[1.00000001]])],
[13.939628654999979, -0.0683, 1.75202, -0.4471, 7.301749, array([[1.00000001]])],
[13.958480811999834, -0.077, 1.867813, -0.4271, 7.301749, array([[1.00000001]])],
[13.980335438999646, -0.0853, 1.960081, -0.4071, 5.399613, array([[1.00000001]])],
[13.997060394999608, -0.0932, 2.058531, -0.3871, 5.399613, array([[1.00000001]])],
[14.013132229999428, -0.1007, 2.114748, -0.3671, 5.399613, array([[1.00000001]])],
[14.031166893999398, -0.1078, 2.160009, -0.3471, 3.896311, array([[1.00000001]])],
[14.046377699999539, -0.1145, 2.203687, -0.3271, 3.896311, array([[1.00000001]])],
[14.066138102999503, -0.1177, 2.228636, -0.3171, 3.896311, array([[1.00000001]])],
[14.088614271999177, -0.1238, 2.256694, -0.2971, 2.178253, array([[1.00000001]])],
[14.11949638399983, -0.1295, 2.273835, -0.2771, 2.178253, array([[1.00000001]])],
[14.158674266999697, -0.1373, 2.270719, -0.2471, 0.76699, array([[0.93641007]])],
[14.19306193399916, -0.1463, 2.227077, -0.2071, -0.674952, array([[-0.31487199]])],
[14.218427883999539, -0.1537, 2.156888, -0.1699, -0.674952, array([[-0.9774361]])],
[14.237242453999897, -0.157, 2.080397, -0.1761, -2.055534, array([[-1.00000001]])],
[14.253343800999573, -0.1605, 2.005409, -0.1955, -2.055534, array([[-1.00000001]])],
[14.269836096999825, -0.1644, 1.92881, -0.2155, -3.896311, array([[-1.00000001]])],
[14.286768908999875, -0.1665, 1.838088, -0.2255, -3.896311, array([[-1.00000001]])],
[14.302212172999134, -0.171, 1.748889, -0.2455, -3.896311, array([[-1.00000001]])],
[14.318076106999797, -0.1759, 1.653405, -0.2655, -5.460972, array([[1.00000001]])],
[14.333551803999399, -0.1785, 1.550088, -0.2755, -5.460972, array([[1.00000001]])],
[14.351585176999833, -0.1838, 1.434247, -0.2555, -5.460972, array([[1.00000001]])],
[14.366461673999765, -0.1887, 1.285557, -0.2355, -7.332428, array([[1.00000001]])],
[14.381877336999423, -0.191, 1.151039, -0.2255, -7.332428, array([[1.00000001]])],
[14.396369469999627, -0.1953, 1.013532, -0.2055, -7.332428, array([[1.00000001]])],
[14.41201043000001, -0.1973, 0.863744, -0.1955, -7.332428, array([[1.00000001]])],
[14.426491182999598, -0.201, 0.695577, -0.1755, -9.418642, array([[1.00000001]])],
[14.441045259999555, -0.2027, 0.529388, -0.1655, -9.418642, array([[1.00000001]])],
[14.456660148999617, -0.2058, 0.352849, -0.1455, -9.418642, array([[1.00000001]])],
[14.472687803999179, -0.2072, 0.152247, -0.1355, -11.596895, array([[1.00000001]])],
[14.487594825999622, -0.2097, -0.072087, -0.1155, -11.596895, array([[1.00000001]])],
[14.501873646999229, -0.2108, -0.267919, -0.1055, -11.596895, array([[1.00000001]])],
[14.526374344999567, -0.2127, -0.459936, -0.0855, -13.345634, array([[1.00000001]])],
[14.545901975999186, -0.2142, -0.76179, -0.0655, -13.345634, array([[-1.00000001]])],
[14.57553766699948, -0.2153, -0.967222, -0.0455, -13.345634, array([[-1.00000001]])],
[14.59408434299985, -0.2168, -1.265382, -0.0755, -11.719613, array([[-1.00000001]])],
[14.657722908999858, -0.2183, -1.433736, -0.0955, -11.719613, array([[0.6813332]])],
[14.683780843000022, -0.2252, -1.905598, -0.1555, -7.608545, array([[-1.00000001]])],
[14.698220891999881, -0.2295, -2.056057, -0.1351, -7.608545, array([[0.75660544]])],
[17.13596434399915, -0.2308, -2.125339, -0.1451, -7.608545, array([[1.00000001]])],
