[0.2870064949966036, 0.0, -3.166143, -3.383806, 0.0, 0.092039, 0.0, DM(-0.496642)],
[0.24030104000121355, 0.0, -3.179957, -3.383806, 0.0, -0.092039, 0.0, DM(0.204947)],
[0.12383945297915488, -0.0121, -3.252165, -3.383806, -0.1176, -0.521554, 0.0, DM(-1.94334)],
[0.6492921140161343, -0.0251, -3.293694, -3.383806, -0.0916, -0.276117, 0.0, DM(2.43905)],
[0.2729831939795986, -0.4716, -3.295232, -3.383806, -1.3332, 1.779418, 0.0, DM(1.20537)],
[0.1588599390233867, -0.7518, -3.253702, -3.383806, -0.6528, -0.03068, 0.0, DM(4.12142)],
[0.12114174099406227, -0.8411, -3.186098, -3.383806, -0.4608, 0.368155, 0.0, DM(3.68635)],
[0.10400770499836653, -0.8686, -3.21528, -3.383806, 0.0336, -0.674952, 0.0, DM(2.50088)],
[0.12220125197200105, -0.8491, -3.115522, -3.383806, 0.4016, 1.104466, 0.0, DM(1.8017)],
[0.22567573405103758, -0.7849, -2.860154, -3.383806, 0.7016, 2.116894, 0.0, DM(1.37907)],
[0.3081860929960385, -0.5793, -2.672903, -3.383806, 1.1156, -0.092039, 0.0, DM(-1.81297)],
[0.15470737300347537, -0.1713, -2.986907, -3.383806, 1.5403, -2.883884, 0.0, DM(-0.85245)],
[0.25367689901031554, 0.04, -3.112456, -3.383806, 1.2688, -0.122718, 0.0, DM(-0.793125)],
[0.13855978503124788, 0.341, -3.02515, -3.383806, 1.0478, 0.276117, 0.0, DM(-1.34622)],
[0.06762629403965548, 0.4798, -3.02668, -3.383806, 0.9372, 0.061359, 0.0, DM(-4.39083)],
[0.1932303499779664, 0.5338, -3.017499, -3.383806, 0.8568, 0.122718, 0.0, DM(-4.42043)],
[0.16712071298388764, 0.6208, -2.928835, -3.383806, -0.0212, 0.981748, 0.0, DM(-1.253)],
