[
[1.798,5399.824,0.,0.,0.,0.,32767.],
[1.798,5399.824,0.,0.,0.,0.,32767.],
[1.798,5399.824,0.,0.,0.,0.,32767.],
[1.798,5399.824,0.,0.,0.,0.,32767.],
[1.798,5399.824,0.,0.,0.,0.,32767.],
[1.798,5399.824,0.,0.,0.,0.,32767.],
[1.798,5399.824,0.,0.,0.,0.,32767.],
[1.798,5399.824,0.,0.,0.,0.,32767.],
[1.798,5399.824,0.,0.,0.,0.,32767.],
[1.798,5399.824,0.,0.,0.,0.,32767.],
[1.798,5399.824,0.,0.,0.,0.,32767.],
[1.798,5399.824,0.,0.,0.,0.,32767.],
[1.798,5399.824,0.,0.,0.,0.,32767.],
[1.798,5399.824,0.,0.,0.,0.,32767.],
[1.798,5399.824,0.,0.,0.,0.,32767.],
[1.798,5399.824,0.,0.,0.,0.,32767.],
[1.798,5399.824,0.,0.,0.,0.,32767.],
[1.798,5399.824,0.,0.,0.,0.,32767.],
[1.798,5399.824,0.,0.,0.,0.,32767.],
[1.798,5399.824,0.,0.,0.,0.,32767.],
[1.798,5399.824,0.,0.,0.,0.,32767.],
[1.798,5399.824,0.,0.,0.,0.,32767.],
[1.798,5399.824,0.,0.,0.,0.,32767.],
[1.798,5399.824,0.,-0.003,0.,0.,32767.],
[1.798,5399.824,0.,0.,0.,0.,32767.],
[1.798,5399.824,0.,0.,0.,0.,32767.],
[1.798,5399.824,0.,0.,0.,0.,32767.],
[1.798,5399.824,0.,0.,0.,0.,32767.],
[1.798,5399.824,0.,0.,0.,0.,32767.],
[1.798,5399.824,0.,0.,0.,0.,32767.],
[1.798,5399.824,0.,0.,0.,0.,32767.],
[1.798,5399.824,0.,0.,0.,0.,32767.],
[1.798,5399.824,0.,0.,0.,0.,32767.],
[1.798,5399.824,0.,0.,0.,0.,32767.],
[1.798,5399.824,0.,0.,0.,0.,32767.],
[1.798,5399.824,0.,0.,0.,0.,32767.],
[1.798,5399.824,0.,0.,0.,0.,32767.],
[1.798,5399.824,0.,0.,0.,0.,32767.],
[1.798,5399.824,0.,0.,0.,0.,32767.],
[1.798,5399.824,0.,0.,0.,0.,32767.],
[1.798,5399.824,0.,0.,0.,0.,32767.],
[1.798,5399.824,0.,0.,0.,0.,32767.],
[1.798,5399.824,0.,0.,0.,0.,32767.],
[1.798,5399.824,0.,0.,0.,0.,32767.],
[1.798,5399.824,0.,0.,0.,0.,32767.],
[1.798,5399.824,0.,0.,0.,0.,32767.],
[1.798,5399.824,0.,0.,0.,0.,22937.],
[1.798,0.703,0.,-0.008,0.,0.,22937.],
[1.792,1.934,0.,-0.243,132.790,0.,22937.],
[1.787,3.428,0.,-0.268,23.888,0.,22937.],
[1.780,5.537,0.,-0.308,32.986,0.,22937.],
[1.773,7.559,0.,-0.338,74.148,0.,22937.],
[1.764,9.668,0.,-0.412,123.569,0.,22937.],
[1.753,11.338,0.,-0.489,124.291,0.,22937.],
[1.743,13.096,0.,-0.513,99.246,0.,22937.],
[1.734,14.59,0.,-0.439,66.326,0.,22937.],
[1.726,15.908,0.,-0.376,24.891,0.,22937.],
[1.719,16.787,0.,-0.365,33.179,0.,22937.],
[1.710,16.963,0.,-0.415,24.875,0.,32767.],
[1.701,16.787,0.,-0.403,-33.154,0.,32767.],
[1.695,15.557,0.,-0.279,-74.617,0.,32767.],
[1.691,13.271,0.,-0.152,-116.038,0.,32767.],
[1.69,10.898,0.,-0.069,-116.038,0.,32767.],
[1.689,7.383,0.,0.,-116.115,0.,32767.],
[1.689,3.867,0.,0.010,-192.355,0.,32767.],
[1.689,0.,0.,0.,-172.463,0.,32767.],
[1.689,5396.396,0.,0.,-164.697,0.,32767.],
[1.689,5393.232,0.,0.,-155.660,0.,32767.],
[1.689,5389.629,0.,0.,-165.457,0.,32767.],
[1.689,5386.641,0.,0.,-139.587,0.,32767.],
[1.689,5384.004,0.,0.,-99.518,0.,32767.],
[1.689,5381.807,0.,0.,-99.443,0.,32767.],
[1.689,5379.697,0.,0.,-82.924,0.,32767.],
[1.689,5378.379,0.,0.,-58.003,0.,32767.],
[1.689,5377.412,0.,0.,-41.434,0.,32767.],
[1.689,5376.797,0.,0.,-24.868,0.,32767.],
[1.689,5376.533,0.,0.,-8.288,0.,32767.],
[1.689,5376.797,0.,0.,7.929,0.,32767.],
[1.689,5377.5,0.,0.,33.160,0.,32767.],
[1.689,5378.643,0.,0.,58.074,0.,32767.],
[1.689,5380.225,0.,0.,82.869,0.,32767.],
[1.689,5382.246,0.,0.,99.471,0.,32767.],
[1.689,5384.443,0.,0.,107.821,0.,32767.],
[1.689,5387.080,0.,0.,124.291,0.,32767.],
[1.689,5389.805,0.,0.,140.957,0.,32767.],
[1.689,5392.969,0.,0.,149.206,0.,32767.],
[1.689,5396.133,0.,0.,157.466,0.,32767.],
[1.689,5399.736,0.,0.,165.738,0.,32767.],
[1.689,2.900,0.,0.,-483713.469,0.,32767.],
[1.689,6.592,0.,0.,180.474,0.,32767.],
[1.689,10.283,0.,0.,182.380,0.,32767.],
[1.689,13.096,0.,0.,143.599,0.,32767.],
[1.689,16.26,0.,0.,132.665,0.,32767.],
[1.689,19.336,0.,0.,124.409,0.,32767.],
[1.689,21.621,0.,0.,107.729,0.,32767.],
[1.689,23.291,0.,0.,74.575,0.,32767.],
[1.689,24.346,0.,0.,57.992,0.,32767.],
[1.689,25.049,0.,0.,16.591,0.,32767.],
[1.689,24.961,0.,0.,-8.288,0.,32767.],
[1.689,23.994,0.,0.,-33.148,0.,32767.],
[1.689,22.852,0.,0.,-49.749,0.,32767.],
[1.689,20.830,0.,0.,-91.224,0.,32767.],
[1.689,20.830,0.,0.,-91.224,0.,32767.],
], [
[1.689,5398.154,0.,0.,0.,0.,32767.],
[1.689,5398.242,0.,0.,0.,0.,32767.],
[1.689,5398.242,0.,0.,0.,0.,32767.],
[1.689,5398.330,0.,0.,0.,0.,32767.],
[1.689,5398.506,0.,0.,8.290,0.,32767.],
[1.689,5398.682,0.,0.,8.292,0.,32767.],
[1.689,5398.857,0.,0.,8.290,0.,32767.],
[1.689,5399.121,0.,0.,16.582,0.,32767.],
[1.689,5399.297,0.,0.,7.959,0.,32767.],
[1.689,5399.561,0.,0.,8.236,0.,32767.],
[1.689,5399.824,0.,0.,8.236,0.,32767.],
[1.689,0.088,0.,0.,8.294,0.,32767.],
[1.689,0.264,0.,0.,7.968,0.,32767.],
[1.689,0.527,0.,0.,8.243,0.,32767.],
[1.689,0.703,0.,0.,8.237,0.,32767.],
[1.689,0.879,0.,0.,8.288,0.,32767.],
[1.689,1.055,0.,0.,16.585,0.,32767.],
[1.689,1.230,0.,0.,8.290,0.,32767.],
[1.689,1.230,0.,0.,0.,0.,32767.],
[1.689,1.318,0.,0.,0.,0.,32767.],
[1.689,1.318,0.,0.,0.,0.,32767.],
[1.689,1.318,0.,0.,0.,0.,32767.],
[1.689,1.318,0.,0.,0.,0.,32767.],
[1.689,1.230,0.,0.,-8.289,0.,32767.],
[1.689,1.143,0.,0.,-8.238,0.,32767.],
[1.689,0.967,0.,0.,-8.239,0.,32767.],
[1.689,0.791,0.,0.,-8.285,0.,32767.],
[1.689,0.703,0.,0.,-8.286,0.,32767.],
[1.689,0.439,0.,0.,-8.289,0.,32767.],
[1.689,0.264,0.,0.,-8.288,0.,32767.],
[1.689,0.088,0.,0.,-8.290,0.,32767.],
[1.689,5399.824,0.,0.,509666.062,0.,32767.],
[1.689,5399.648,0.,0.,-16.583,0.,32767.],
[1.689,5399.473,0.,0.,-8.294,0.,32767.],
[1.689,5399.297,0.,0.,-8.288,0.,32767.],
[1.689,5399.121,0.,0.,-8.295,0.,32767.],
[1.689,5398.945,0.,0.,-8.285,0.,32767.],
[1.689,5398.857,0.,0.,0.,0.,32767.],
[1.689,5398.77,0.,0.,0.,0.,32767.],
[1.689,5398.682,0.,0.,0.,0.,32767.],
[1.689,5398.682,0.,0.,0.,0.,32767.],
[1.689,5398.682,0.,0.,0.,0.,32767.],
[1.689,5398.682,0.,0.,0.,0.,32767.],
[1.689,5398.77,0.,0.,0.,0.,32767.],
[1.689,5398.77,0.,0.,0.,0.,32767.],
[1.689,5398.857,0.,0.,8.301,0.,32767.],
[1.689,5399.033,0.,0.,8.292,0.,32767.],
[1.689,5399.209,0.,0.,8.289,0.,42597.],
[1.690,5398.682,0.,0.,8.288,0.,42597.],
[1.696,5397.539,0.,0.243,41.430,0.,42597.],
[1.704,5396.221,0.,0.364,-82.643,0.,42597.],
[1.712,5394.639,0.,0.392,-124.093,0.,42597.],
[1.719,5392.881,0.,0.370,-99.443,0.,42597.],
[1.726,5391.299,0.,0.362,-66.333,0.,42597.],
[1.736,5389.102,0.,0.401,-8.289,0.,42597.],
[1.747,5387.52,0.,0.486,-74.617,0.,42597.],
[1.758,5386.289,0.,0.553,-58.014,0.,42597.],
[1.769,5385.146,0.,0.511,-24.872,0.,42597.],
[1.777,5384.355,0.,0.426,-24.872,0.,42597.],
[1.787,5383.652,0.,0.401,0.,0.,32767.],
[1.796,5384.092,0.,0.387,82.861,0.,32767.],
[1.683,5385.586,0.,-11.022,165.831,0.,32767.],
[1.686,5386.904,0.,0.166,74.477,0.,32767.],
[1.687,5390.156,0.,0.058,124.291,0.,32767.],
[1.688,5393.232,0.,0.011,190.742,0.,32767.],
[1.688,5396.396,0.,0.,182.483,0.,32767.],
[1.688,0.264,0.,0.,182.380,0.,32767.],
[1.688,3.955,0.,0.,174.074,0.,32767.],
[1.688,7.383,0.,0.,165.91,0.,32767.],
[1.688,11.426,0.,0.,165.753,0.,32767.],
[1.688,14.941,0.,0.,157.510,0.,32767.],
[1.688,17.93,0.,0.,149.136,0.,32767.],
[1.688,20.742,0.,0.,124.385,0.,32767.],
[1.688,23.027,0.,0.,107.690,0.,32767.],
[1.688,25.049,0.,0.,82.931,0.,32767.],
[1.688,26.455,0.,0.003,58.030,0.,32767.],
[1.688,27.158,0.,-0.003,39.813,0.,32767.],
[1.688,27.422,0.,0.,8.242,0.,32767.],
[1.688,27.158,0.,0.,-8.246,0.,32767.],
[1.688,26.279,0.,-0.003,-41.423,0.,32767.],
[1.688,24.785,0.,0.,-74.652,0.,32767.],
[1.688,22.852,0.,0.,-87.683,0.,32767.],
[1.688,20.303,0.,0.,-107.801,0.,32767.],
[1.688,17.578,0.,0.,-134.293,0.,32767.],
[1.688,14.414,0.,0.003,-147.771,0.,32767.],
[1.688,10.723,0.,0.,-157.510,0.,32767.],
[1.688,7.295,0.,0.,-166.025,0.,32767.],
[1.688,3.34,0.,0.,-174.205,0.,32767.],
[1.688,5399.912,0.,0.,-175.049,0.,32767.],
[1.688,5396.221,0.,0.,-172.174,0.,32767.],
[1.688,5393.057,0.,0.003,-155.82,0.,32767.],
[1.688,5389.717,0.,0.,-148.827,0.,32767.],
[1.688,5386.729,0.,-0.003,-132.291,0.,32767.],
[1.688,5383.828,0.,0.,-116.104,0.,32767.],
[1.688,5381.719,0.,0.,-111.023,0.,32767.],
[1.688,5379.609,0.,0.,-82.892,0.,32767.],
[1.688,5378.291,0.,0.003,-58.008,0.,32767.],
[1.688,5377.412,0.,0.,-33.173,0.,32767.],
[1.688,5376.797,0.,0.,-24.877,0.,32767.],
[1.688,5376.709,0.,0.,0.,0.,32767.],
[1.688,5376.973,0.,0.,7.982,0.,32767.],
[1.688,5377.676,0.,0.,33.160,0.,32767.],
[1.688,5378.906,0.,0.,66.326,0.,32767.],
[1.688,5380.400,0.,0.,74.652,0.,32767.],
[1.688,5380.400,0.,0.,74.652,0.,32767.],
], [
[1.688,5399.912,0.,0.,0.,0.,32767.],
[1.688,5399.912,0.,0.,0.,0.,32767.],
[1.688,5399.912,0.,0.,0.,0.,32767.],
[1.688,5399.912,0.,0.,0.,0.,32767.],
[1.688,5399.912,0.,0.,0.,0.,32767.],
[1.688,5399.912,0.,0.,0.,0.,32767.],
[1.688,5399.912,0.,0.,0.,0.,32767.],
[1.688,5399.912,0.,0.,0.,0.,32767.],
[1.688,5399.912,0.,0.,0.,0.,32767.],
[1.688,5399.912,0.,0.,0.,0.,32767.],
[1.688,5399.912,0.,0.,0.,0.,32767.],
[1.688,5399.912,0.,0.,8.292,0.,32767.],
[1.688,5399.912,0.,0.,0.,0.,32767.],
[1.688,5399.912,0.,0.,0.,0.,32767.],
[1.688,5399.912,0.,0.,0.,0.,32767.],
[1.688,5399.912,0.,0.,0.,0.,32767.],
[1.688,5399.912,0.,0.,0.,0.,32767.],
[1.688,5399.912,0.,0.,0.,0.,32767.],
[1.688,5399.912,0.,0.,0.,0.,32767.],
[1.688,5399.912,0.,0.,0.,0.,32767.],
[1.688,5399.912,0.,0.,0.,0.,32767.],
[1.688,5399.912,0.,0.,0.,0.,32767.],
[1.688,5399.912,0.,0.,0.,0.,32767.],
[1.688,5399.912,0.,0.,0.,0.,32767.],
[1.688,5399.912,0.,0.,0.,0.,32767.],
[1.688,5399.912,0.,0.,0.,0.,32767.],
[1.688,5399.912,0.,0.,0.,0.,32767.],
[1.688,5399.912,0.,0.,0.,0.,32767.],
[1.688,5399.912,0.,0.,0.,0.,32767.],
[1.688,5399.912,0.,0.,0.,0.,32767.],
[1.688,5399.912,0.,0.,0.,0.,32767.],
[1.688,5399.912,0.,0.,0.,0.,32767.],
[1.688,5399.912,0.,0.,0.,0.,32767.],
[1.688,5399.912,0.,0.,0.,0.,32767.],
[1.688,5399.912,0.,0.,0.,0.,32767.],
[1.688,5399.912,0.,0.,0.,0.,32767.],
[1.688,5399.912,0.,0.,0.,0.,32767.],
[1.688,5399.912,0.,0.,0.,0.,32767.],
[1.688,5399.912,0.,0.,0.,0.,32767.],
[1.688,5399.912,0.,0.,0.,0.,32767.],
[1.688,5399.912,0.,0.,0.,0.,32767.],
[1.688,5399.912,0.,0.,0.,0.,32767.],
[1.688,5399.912,0.,0.,0.,0.,32767.],
[1.688,5399.912,0.,0.,0.,0.,32767.],
[1.688,5399.912,0.,0.,0.,0.,32767.],
[1.688,5399.912,0.,0.,0.,0.,32767.],
[1.688,5399.912,0.,0.,0.,0.,42597.],
[1.689,5399.385,0.,0.124,-58.079,0.,42597.],
[1.696,5398.154,0.,0.301,-41.438,0.,42597.],
[1.704,5395.957,0.,0.381,-24.870,0.,42597.],
[1.712,5394.111,0.,0.384,-66.320,0.,42597.],
[1.720,5392.09,0.,0.354,-82.884,0.,42597.],
[1.729,5389.541,0.,0.345,-66.283,0.,42597.],
[1.737,5388.047,0.,0.403,-116.060,0.,42597.],
[1.748,5386.641,0.,0.486,-107.729,0.,42597.],
[1.761,5385.059,0.,0.544,-66.320,0.,42597.],
[1.772,5383.916,0.,0.507,-41.31,0.,42597.],
[1.781,5383.213,0.,0.427,-41.31,0.,32767.],
[1.789,5383.037,0.,0.386,24.809,0.,32767.],
[1.796,5383.477,0.,0.301,90.287,0.,32767.],
[1.8,5385.322,0.,0.210,122.775,0.,32767.],
[1.681,5387.52,0.,158.182,124.058,0.,32767.],
[1.681,5390.771,0.,-0.006,148.869,0.,32767.],
[1.681,5394.375,0.,-0.011,124.350,0.,32767.],
[1.681,5398.066,0.,0.,173.893,0.,32767.],
[1.681,1.846,0.,-0.003,-508005.469,0.,32767.],
[1.681,5.625,0.,0.,173.811,0.,32767.],
[1.681,9.404,0.,0.,174.024,0.,32767.],
[1.681,12.92,0.,0.,157.510,0.,32767.],
[1.681,15.996,0.,0.,157.495,0.,32767.],
[1.681,18.984,0.,0.,132.553,0.,32767.],
[1.681,21.973,0.,0.,107.851,0.,32767.],
[1.681,23.906,0.,-0.003,82.931,0.,32767.],
[1.681,25.312,0.,0.,79.489,0.,32767.],
[1.681,26.279,0.,0.,33.169,0.,32767.],
[1.681,26.543,0.,0.003,0.,0.,32767.],
[1.681,26.279,0.,0.,-24.870,0.,32767.],
[1.681,25.576,0.,0.,-33.160,0.,32767.],
[1.681,24.346,0.,-0.003,-74.638,0.,32767.],
[1.681,22.588,0.,0.003,-91.216,0.,32767.],
[1.681,20.039,0.,0.,-116.049,0.,32767.],
[1.681,17.490,0.,0.,-132.640,0.,32767.],
[1.681,14.678,0.,0.,-134.510,0.,32767.],
[1.681,11.338,0.,0.,-156.301,0.,32767.],
[1.681,7.646,0.,0.,-157.54,0.,32767.],
[1.681,4.307,0.,0.,-167.639,0.,32767.],
[1.681,0.703,0.,0.,-164.697,0.,32767.],
[1.681,5397.188,0.,0.,506409.938,0.,32767.],
[1.681,5393.584,0.,0.,-149.333,0.,32767.],
[1.681,5390.42,0.,0.,-140.904,0.,32767.],
[1.681,5387.695,0.,0.,-134.899,0.,32767.],
[1.681,5385.234,0.,0.,-122.832,0.,32767.],
[1.681,5382.949,0.,0.,-107.456,0.,32767.],
[1.681,5381.016,0.,0.,-82.721,0.,32767.],
[1.681,5379.521,0.,0.,-66.195,0.,32767.],
[1.681,5378.467,0.,0.,-57.536,0.,32767.],
[1.681,5377.676,0.,0.,-24.886,0.,32767.],
[1.681,5377.588,0.,0.,0.,0.,32767.],
[1.681,5377.676,0.,0.,7.978,0.,32767.],
[1.681,5378.291,0.,0.,24.882,0.,32767.],
[1.681,5379.434,0.,0.,58.025,0.,32767.],
[1.681,5380.84,0.,0.,74.575,0.,32767.],
[1.681,5382.598,0.,0.,91.216,0.,32767.],
[1.681,5384.883,0.,0.,99.396,0.,32767.],
[1.681,5387.52,0.,0.,107.811,0.,32767.],
[1.681,5390.332,0.,0.,132.578,0.,32767.],
[1.681,5393.232,0.,0.,140.917,0.,32767.],
[1.681,5396.484,0.,0.,149.206,0.,32767.],
[1.681,5399.736,0.,0.,149.164,0.,32767.],
[1.681,3.076,0.,0.,149.206,0.,32767.],
[1.681,6.328,0.,0.,157.466,0.,32767.],
[1.681,9.580,0.,0.,149.164,0.,32767.],
[1.681,13.008,0.,0.,132.615,0.,32767.],
[1.681,15.557,0.,0.,124.233,0.,32767.],
[1.681,17.93,0.,0.,107.74,0.,32767.],
[1.681,19.951,0.,0.,91.138,0.,32767.],
[1.681,21.621,0.,0.,66.276,0.,32767.],
[1.681,22.5,0.,0.,49.735,0.,32767.],
[1.681,23.115,0.,0.,24.889,0.,32767.],
[1.681,23.115,0.,0.,0.,0.,32767.],
[1.681,22.676,0.,0.,-16.571,0.,32767.],
[1.681,21.973,0.,0.,-24.854,0.,32767.],
[1.681,20.566,0.,0.,-66.308,0.,32767.],
[1.681,18.721,0.,0.,-82.838,0.,32767.],
[1.681,16.436,0.,0.,-99.508,0.,32767.],
[1.681,13.887,0.,0.,-115.983,0.,32767.],
[1.681,11.25,0.,0.,-124.081,0.,32767.],
[1.681,8.262,0.,0.,-140.957,0.,32767.],
[1.681,4.746,0.,0.,-140.904,0.,32767.],
[1.681,1.582,0.,0.,-148.172,0.,32767.],
[1.681,5398.066,0.,0.,-140.983,0.,32767.],
[1.681,5394.814,0.,0.,-141.023,0.,32767.],
[1.681,5392.178,0.,0.,-124.362,0.,32767.],
[1.681,5389.629,0.,0.,-116.071,0.,32767.],
[1.681,5387.256,0.,0.,-107.76,0.,32767.],
[1.681,5385.146,0.,0.,-91.164,0.,32767.],
[1.681,5383.564,0.,0.,-74.547,0.,32767.],
[1.681,5382.158,0.,0.,-58.046,0.,32767.],
[1.681,5381.016,0.,0.,-49.749,0.,32767.],
[1.681,5380.400,0.,0.,-33.160,0.,32767.],
[1.681,5380.137,0.,0.,-8.291,0.,32767.],
[1.681,5380.225,0.,0.,8.293,0.,32767.],
[1.681,5380.576,0.,0.,16.585,0.,32767.],
[1.681,5381.543,0.,0.,41.458,0.,32767.],
[1.681,5382.686,0.,0.,58.074,0.,32767.],
[1.681,5384.355,0.,0.,66.314,0.,32767.],
[1.681,5386.201,0.,0.,91.173,0.,32767.],
[1.681,5388.311,0.,0.,99.527,0.,32767.],
[1.681,5388.311,0.,0.,99.527,0.,32767.],
], [
[1.681,5399.648,0.,0.,0.,0.,32767.],
[1.681,5399.648,0.,0.,0.,0.,32767.],
[1.681,5399.648,0.,0.,0.,0.,32767.],
[1.681,5399.648,0.,0.,0.,0.,32767.],
[1.681,5399.648,0.,0.,0.,0.,32767.],
[1.681,5399.648,0.,0.,0.,0.,32767.],
[1.681,5399.648,0.,0.,0.,0.,32767.],
[1.681,5399.648,0.,0.,0.,0.,32767.],
[1.681,5399.648,0.,0.,0.,0.,32767.],
[1.681,5399.648,0.,0.,0.,0.,32767.],
[1.681,5399.648,0.,0.,0.,0.,32767.],
[1.681,5399.561,0.,0.,0.,0.,32767.],
[1.681,5399.648,0.,0.,0.,0.,32767.],
[1.681,5399.648,0.,0.,-8.285,0.,32767.],
[1.681,5399.561,0.,0.,8.283,0.,32767.],
[1.681,5399.648,0.,0.,0.,0.,32767.],
[1.681,5399.648,0.,0.,0.,0.,32767.],
[1.681,5399.648,0.,0.,0.,0.,32767.],
[1.681,5399.561,0.,0.,0.,0.,32767.],
[1.681,5399.648,0.,0.,0.,0.,32767.],
[1.681,5399.648,0.,0.,0.,0.,32767.],
[1.681,5399.648,0.,0.,0.,0.,32767.],
[1.681,5399.648,0.,0.,0.,0.,32767.],
[1.681,5399.648,0.,0.,0.,0.,32767.],
[1.681,5399.648,0.,0.,0.,0.,32767.],
[1.681,5399.648,0.,0.,0.,0.,32767.],
[1.681,5399.648,0.,0.,0.,0.,32767.],
[1.681,5399.648,0.,0.,0.,0.,32767.],
[1.681,5399.648,0.,0.,0.,0.,32767.],
[1.681,5399.648,0.,0.,0.,0.,32767.],
[1.681,5399.648,0.,0.,0.,0.,32767.],
[1.681,5399.648,0.,0.,0.,0.,32767.],
[1.681,5399.648,0.,0.,0.,0.,32767.],
[1.681,5399.648,0.,0.,0.,0.,32767.],
[1.681,5399.648,0.,0.,0.,0.,32767.],
[1.681,5399.648,0.,0.,0.,0.,32767.],
[1.681,5399.648,0.,0.,0.,0.,32767.],
[1.681,5399.648,0.,0.,0.,0.,32767.],
[1.681,5399.648,0.,0.,0.,0.,32767.],
[1.681,5399.648,0.,0.,0.,0.,32767.],
[1.681,5399.648,0.,0.,0.,0.,32767.],
[1.681,5399.648,0.,0.,0.,0.,32767.],
[1.681,5399.648,0.,0.,0.,0.,32767.],
[1.681,5399.648,0.,0.,0.,0.,32767.],
[1.681,5399.648,0.,0.,0.,0.,32767.],
[1.681,5399.648,0.,0.,0.,0.,32767.],
[1.681,5399.648,0.,0.,0.,0.,16383.],
[1.799,0.879,0.,-158.550,-509311.312,0.,16383.],
[1.790,3.252,0.,-0.412,124.397,0.,16383.],
[1.78,6.240,0.,-0.525,190.670,0.,16383.],
[1.765,10.723,0.,-0.7,157.599,0.,16383.],
[1.745,14.854,0.,-0.917,149.206,0.,16383.],
[1.728,19.6,0.,-0.771,182.501,0.,16383.],
[1.71,23.994,0.,-0.715,165.738,0.,16383.],
[1.69,27.246,0.,-0.937,157.154,0.,16383.],
[1.671,30.146,0.,-0.871,124.104,0.,16383.],
[1.657,32.344,0.,-0.706,99.274,0.,16383.],
[1.635,34.365,0.,-0.871,91.199,0.,16383.],
[1.615,35.332,0.,-0.991,49.414,0.,32767.],
[1.598,35.508,0.,-0.636,-16.588,0.,32767.],
[1.584,33.75,0.,-0.636,-82.900,0.,32767.],
[1.573,30.059,0.,-0.519,-190.616,0.,32767.],
[1.564,25.488,0.,-0.356,-240.387,0.,32767.],
[1.679,19.424,0.,11.114,-306.586,0.,32767.],
[1.676,11.777,0.,-0.1,-381.448,0.,32767.],
[1.675,5.186,0.,-0.039,-314.901,0.,32767.],
[1.675,5397.188,0.,0.006,509302.781,0.,32767.],
[1.675,5390.244,0.,0.003,-323.188,0.,32767.],
[1.675,5384.092,0.,0.,-306.846,0.,32767.],
[1.675,5378.027,0.,0.,-273.364,0.,32767.],
[1.675,5372.666,0.,0.,-240.455,0.,32767.],
[1.675,5368.623,0.,0.,-214.232,0.,32767.],
[1.675,5364.756,0.,0.,-188.906,0.,32767.],
[1.675,5360.449,0.,0.,-141.036,0.,32767.],
[1.675,5358.164,0.,0.,-91.156,0.,32767.],
[1.675,5356.230,0.,0.,-74.589,0.,32767.],
[1.675,5354.912,0.,0.,-66.308,0.,32767.],
[1.675,5354.561,0.,0.,-8.291,0.,32767.],
[1.675,5355.176,0.,0.,33.166,0.,32767.],
[1.675,5356.406,0.,0.,58.063,0.,32767.],
[1.675,5358.428,0.,0.,82.892,0.,32767.],
[1.675,5361.768,0.,0.,149.347,0.,32767.],
[1.675,5365.02,0.,0.,158.891,0.,32767.],
[1.675,5368.975,0.,0.,188.589,0.,32767.],
[1.675,5373.809,0.,0.,213.187,0.,32767.],
[1.675,5379.17,0.,0.,254.28,0.,32767.],
[1.675,5384.707,0.,0.,279.253,0.,32767.],
[1.675,5391.211,0.,0.,306.009,0.,32767.],
[1.675,5398.154,0.,0.,314.072,0.,32767.],
[1.675,5.537,0.,0.,-507561.75,0.,32767.],
[1.675,14.238,0.,0.,356.638,0.,32767.],
[1.675,21.973,0.,0.,323.371,0.,32767.],
[1.675,28.301,0.,0.,306.643,0.,32767.],
[1.675,34.277,0.,0.,302.824,0.,32767.],
[1.675,39.727,0.,0.,263.392,0.,32767.],
[1.675,44.209,0.,0.,230.252,0.,32767.],
[1.675,48.076,0.,0.,182.311,0.,32767.],
[1.675,50.801,0.,0.,132.615,0.,32767.],
[1.675,52.734,0.,0.,91.224,0.,32767.],
[1.675,53.701,0.,0.,49.740,0.,32767.],
[1.675,53.701,0.,0.,0.,0.,32767.],
[1.675,52.559,0.,0.,-41.423,0.,32767.],
[1.675,50.186,0.,0.,-107.790,0.,32767.],
[1.675,47.109,0.,0.,-149.206,0.,32767.],
[1.675,43.154,0.,0.,-190.616,0.,32767.],
[1.675,38.232,0.,0.,-223.872,0.,32767.],
[1.675,32.695,0.,0.,-265.230,0.,32767.],
[1.675,26.719,0.,0.,-298.384,0.,32767.],
[1.675,20.391,0.,0.,-307.834,0.,32767.],
[1.675,11.689,0.,0.003,-331.538,0.,32767.],
[1.675,4.922,0.,0.003,-331.757,0.,32767.],
[1.675,5397.803,0.,0.,509166.938,0.,32767.],
[1.675,5391.035,0.,0.,-306.672,0.,32767.],
[1.675,5384.355,0.,0.,-281.967,0.,32767.],
[1.675,5378.027,0.,0.,-248.747,0.,32767.],
[1.675,5373.457,0.,0.,-232.076,0.,32767.],
[1.675,5369.150,0.,0.,-198.998,0.,32767.],
[1.675,5365.723,0.,0.,-165.894,0.,32767.],
[1.675,5362.559,0.,0.,-140.930,0.,32767.],
[1.675,5360.361,0.,0.,-107.74,0.,32767.],
[1.675,5358.779,0.,0.,-74.596,0.,32767.],
[1.675,5357.725,0.,0.,-49.745,0.,32767.],
[1.675,5357.373,0.,0.,-8.289,0.,32767.],
[1.675,5357.812,0.,0.,24.877,0.,32767.],
[1.675,5358.867,0.,0.,58.003,0.,32767.],
[1.675,5360.537,0.,0.,91.147,0.,32767.],
[1.675,5362.734,0.,0.,102.944,0.,32767.],
[1.675,5365.723,0.,0.,131.241,0.,32767.],
[1.675,5369.414,0.,0.,164.220,0.,32767.],
[1.675,5373.457,0.,0.,188.483,0.,32767.],
[1.675,5378.994,0.,0.,232.142,0.,32767.],
[1.675,5384.004,0.,0.,245.637,0.,32767.],
[1.675,5389.453,0.,0.,262.434,0.,32767.],
[1.675,5395.781,0.,0.,289.195,0.,32767.],
[1.675,2.549,0.,0.,-507873.188,0.,32767.],
[1.675,9.141,0.,0.,322.337,0.,32767.],
[1.675,16.084,0.,0.,290.287,0.,32767.],
[1.675,22.588,0.,0.,306.846,0.,32767.],
[1.675,28.301,0.,0.,290.232,0.,32767.],
[1.675,33.926,0.,0.,257.063,0.,32767.],
[1.675,38.848,0.,0.,215.479,0.,32767.],
[1.675,42.803,0.,0.,182.380,0.,32767.],
[1.675,45.879,0.,0.,140.890,0.,32767.],
[1.675,47.988,0.,0.,99.461,0.,32767.],
[1.675,49.395,0.,0.,58.019,0.,32767.],
[1.675,49.834,0.,0.,16.585,0.,32767.],
[1.675,49.307,0.,0.,-24.861,0.,32767.],
[1.675,47.988,0.,0.,-74.624,0.,32767.],
[1.675,47.988,0.,0.,-74.624,0.,32767.],
], [
[1.675,6.592,0.,0.,-40.398,0.,32767.],
[1.675,5.361,0.,0.,-49.735,0.,32767.],
[1.675,3.955,0.,0.,-58.019,0.,32767.],
[1.675,2.812,0.,0.,-65.916,0.,32767.],
[1.675,1.406,0.,0.,-58.003,0.,32767.],
[1.675,0.088,0.,0.,-57.633,0.,32767.],
[1.675,5398.77,0.,0.,-57.698,0.,32767.],
[1.675,5397.539,0.,0.,-65.682,0.,32767.],
[1.675,5396.396,0.,0.,-57.397,0.,32767.],
[1.675,5395.254,0.,0.,-49.632,0.,32767.],
[1.675,5394.375,0.,0.003,-41.337,0.,32767.],
[1.675,5393.496,0.,0.,-41.446,0.,32767.],
[1.675,5392.705,0.,0.,-33.160,0.,32767.],
[1.675,5392.178,0.,0.,-16.572,0.,32767.],
[1.675,5391.738,0.,0.,-16.586,0.,32767.],
[1.675,5391.562,0.,0.,0.,0.,32767.],
[1.675,5391.650,0.,-0.003,0.,0.,32767.],
[1.675,5391.826,0.,0.,8.284,0.,32767.],
[1.675,5392.002,0.,0.,8.291,0.,32767.],
[1.675,5392.529,0.,0.,24.861,0.,32767.],
[1.675,5393.232,0.,0.,41.442,0.,32767.],
[1.675,5393.848,0.,0.,33.176,0.,32767.],
[1.675,5394.727,0.,0.,41.462,0.,32767.],
[1.675,5395.693,0.,0.,49.726,0.,32767.],
[1.675,5396.748,0.,-0.003,49.773,0.,32767.],
[1.675,5397.803,0.,0.003,58.025,0.,32767.],
[1.675,5398.945,0.,0.,57.997,0.,32767.],
[1.675,5399.912,0.,0.003,45.928,0.,32767.],
[1.675,1.055,0.,0.,49.289,0.,32767.],
[1.675,2.109,0.,0.,49.215,0.,32767.],
[1.675,3.164,0.,0.,41.217,0.,32767.],
[1.675,4.131,0.,0.,41.47,0.,32767.],
[1.675,5.01,0.,0.,33.141,0.,32767.],
[1.675,5.713,0.,0.,33.151,0.,32767.],
[1.675,6.240,0.,0.,24.865,0.,32767.],
[1.675,6.592,0.,0.,16.574,0.,32767.],
[1.675,6.768,0.,0.,8.294,0.,32767.],
[1.675,6.768,0.,0.,0.,0.,32767.],
[1.675,6.68,0.,0.,0.,0.,32767.],
[1.675,6.592,0.,0.,-8.286,0.,32767.],
[1.675,6.240,0.,-0.003,-16.591,0.,32767.],
[1.675,5.713,0.,0.,-33.201,0.,32767.],
[1.675,5.01,0.,0.,-24.870,0.,32767.],
[1.675,4.219,0.,0.,-33.151,0.,32767.],
[1.675,3.34,0.,0.,-41.434,0.,32767.],
[1.675,2.373,0.,0.,-41.454,0.,32767.],
[1.675,1.406,0.,0.,-41.466,0.,16383.],
[1.673,1.67,0.,-0.061,8.290,0.,16383.],
[1.665,3.164,0.,-0.384,140.930,0.,16383.],
[1.653,5.977,0.,-0.536,174.057,0.,16383.],
[1.636,8.701,0.,-0.812,132.578,0.,16383.],
[1.616,12.393,0.,-0.898,198.941,0.,16383.],
[1.601,15.820,0.,-0.704,207.172,0.,16383.],
[1.58,19.6,0.,-0.840,140.957,0.,16383.],
[1.559,22.324,0.,-0.973,148.827,0.,16383.],
[1.541,24.961,0.,-0.715,91.121,0.,16383.],
[1.523,26.807,0.,-0.895,82.916,0.,16383.],
[1.501,28.037,0.,-0.998,49.763,0.,32767.],
[1.483,28.564,0.,-0.688,0.,0.,32767.],
[1.469,27.334,0.,-0.613,-66.308,0.,32767.],
[1.455,24.609,0.,-0.558,-116.049,0.,32767.],
[1.447,20.215,0.,-0.425,-215.479,0.,32767.],
[1.440,15.293,0.,-0.274,-215.662,0.,32767.],
[1.557,8.877,0.,-0.146,-281.807,0.,32767.],
[1.556,1.230,0.,-0.072,-248.700,0.,32767.],
[1.555,5395.078,0.,-0.019,508003.688,0.,32767.],
[1.555,5389.277,0.,0.,-297.878,0.,32767.],
[1.555,5383.477,0.,0.,-273.570,0.,32767.],
[1.555,5377.939,0.,0.,-223.830,0.,32767.],
[1.555,5373.281,0.,0.,-231.770,0.,32767.],
[1.555,5368.447,0.,0.,-174.205,0.,32767.],
[1.555,5365.811,0.,0.,-142.68,0.,32767.],
[1.555,5362.295,0.,0.,-149.234,0.,32767.],
[1.555,5360.449,0.,0.,-82.869,0.,32767.],
[1.555,5359.307,0.,0.,-33.154,0.,32767.],
[1.555,5358.955,0.,0.,-16.591,0.,32767.],
[1.555,5358.691,0.,0.,-8.292,0.,32767.],
[1.555,5359.482,0.,0.,41.458,0.,32767.],
[1.555,5360.889,0.,0.,82.908,0.,32767.],
[1.555,5363.174,0.,0.,99.489,0.,32767.],
[1.555,5365.723,0.,0.,132.653,0.,32767.],
[1.555,5368.799,0.,0.,142.873,0.,32767.],
[1.555,5373.193,0.,0.,198.923,0.,32767.],
[1.555,5378.291,0.,0.,215.581,0.,32767.],
[1.555,5383.125,0.,0.,240.478,0.,32767.],
[1.555,5388.926,0.,0.,265.330,0.,32767.],
[1.555,5394.551,0.,0.,290.342,0.,32767.],
[1.555,1.055,0.,0.,-508903.688,0.,32767.],
[1.555,7.295,0.,0.,306.56,0.,32767.],
[1.555,14.414,0.,0.,306.846,0.,32767.],
[1.555,20.654,0.,0.,315.793,0.,32767.],
[1.555,26.455,0.,0.,288.139,0.,32767.],
[1.555,32.432,0.,0.,257.087,0.,32767.],
[1.555,37.178,0.,0.,231.074,0.,32767.],
[1.555,41.748,0.,0.,174.189,0.,32767.],
[1.555,44.736,0.,0.,140.904,0.,32767.],
[1.555,46.758,0.,0.,91.121,0.,32767.],
[1.555,48.164,0.,0.,49.717,0.,32767.],
[1.555,48.428,0.,0.,8.288,0.,32767.],
[1.555,47.725,0.,0.,-41.454,0.,32767.],
[1.555,46.055,0.,0.,-82.908,0.,32767.],
[1.555,43.77,0.,0.,-124.28,0.,32767.],
[1.555,40.518,0.,0.,-157.555,0.,32767.],
[1.555,36.475,0.,-0.003,-199.073,0.,32767.],
[1.555,31.992,0.,0.,-232.054,0.,32767.],
[1.555,26.631,0.,0.,-248.724,0.,32767.],
[1.555,19.688,0.,0.,-290.205,0.,32767.],
[1.555,13.271,0.,0.,-290.205,0.,32767.],
[1.555,5.801,0.,0.,-298.440,0.,32767.],
[1.555,5399.824,0.,0.,-298.496,0.,32767.],
[1.555,5393.672,0.,0.,-281.94,0.,32767.],
[1.555,5388.135,0.,0.,-265.255,0.,32767.],
[1.555,5382.773,0.,0.,-248.864,0.,32767.],
[1.555,5378.203,0.,0.,-215.459,0.,32767.],
[1.555,5373.369,0.,0.,-190.634,0.,32767.],
[1.555,5369.766,0.,0.,-165.847,0.,32767.],
[1.555,5366.777,0.,0.,-141.01,0.,32767.],
[1.555,5364.580,0.,0.,-107.75,0.,32767.],
[1.555,5362.734,0.,0.,-74.610,0.,32767.],
[1.555,5361.592,0.,0.,-49.740,0.,32767.],
[1.555,5361.152,0.,0.,-16.586,0.,32767.],
[1.555,5361.416,0.,0.,16.582,0.,32767.],
[1.555,5362.383,0.,-0.003,41.47,0.,32767.],
[1.555,5364.141,0.,0.,74.575,0.,32767.],
[1.555,5366.426,0.,0.,99.246,0.,32767.],
[1.555,5369.59,0.,0.,132.266,0.,32767.],
[1.555,5372.754,0.,0.,155.965,0.,32767.],
[1.555,5376.797,0.,0.,189.953,0.,32767.],
[1.555,5381.367,0.,0.,223.388,0.,32767.],
[1.555,5387.168,0.,0.,232.142,0.,32767.],
[1.555,5392.793,0.,0.,265.155,0.,32767.],
[1.555,5398.682,0.,0.,281.887,0.,32767.],
[1.555,4.834,0.,0.,290.205,0.,32767.],
[1.555,11.074,0.,0.,290.150,0.,32767.],
[1.555,16.787,0.,0.,287.276,0.,32767.],
[1.555,22.588,0.,0.,271.750,0.,32767.],
[1.555,27.949,0.,0.,247.324,0.,32767.],
[1.555,33.398,0.,0.,207.426,0.,32767.],
[1.555,37.09,0.,0.,174.008,0.,32767.],
[1.555,40.693,0.,0.,140.837,0.,32767.],
[1.555,42.803,0.,0.,99.471,0.,32767.],
[1.555,44.209,0.,0.,58.030,0.,32767.],
[1.555,44.736,0.,0.,16.571,0.,32767.],
[1.555,44.561,0.,0.,-16.577,0.,32767.],
[1.555,43.330,0.,0.,-58.036,0.,32767.],
[1.555,41.133,0.,0.,-99.480,0.,32767.],
[1.555,38.320,0.,0.,-132.615,0.,32767.],
[1.555,38.320,0.,0.,-132.615,0.,32767.],
], [
[1.555,5399.648,0.,0.,0.,0.,32767.],
[1.555,5399.648,0.,-0.003,0.,0.,32767.],
[1.555,5399.648,0.,0.,0.,0.,32767.],
[1.555,5399.648,0.,0.,0.,0.,32767.],
[1.555,5399.648,0.,0.,0.,0.,32767.],
[1.555,5399.648,0.,0.,0.,0.,32767.],
[1.555,5399.648,0.,-0.003,0.,0.,32767.],
[1.555,5399.648,0.,0.,0.,0.,32767.],
[1.555,5399.648,0.,0.,0.,0.,32767.],
[1.555,5399.648,0.,0.,0.,0.,32767.],
[1.555,5399.648,0.,0.,0.,0.,32767.],
[1.555,5399.648,0.,0.,0.,0.,32767.],
[1.555,5399.648,0.,0.,0.,0.,32767.],
[1.555,5399.648,0.,0.003,0.,0.,32767.],
[1.555,5399.648,0.,0.,0.,0.,32767.],
[1.555,5399.648,0.,0.,0.,0.,32767.],
[1.555,5399.648,0.,0.,0.,0.,32767.],
[1.555,5399.648,0.,0.,0.,0.,32767.],
[1.555,5399.648,0.,0.,0.,0.,32767.],
[1.555,5399.648,0.,0.,0.,0.,32767.],
[1.555,5399.648,0.,0.,0.,0.,32767.],
[1.555,5399.648,0.,0.,0.,0.,32767.],
[1.555,5399.648,0.,0.,0.,0.,32767.],
[1.555,5399.648,0.,0.,0.,0.,32767.],
[1.555,5399.648,0.,0.,0.,0.,32767.],
[1.555,5399.648,0.,0.,0.,0.,32767.],
[1.555,5399.648,0.,0.,0.,0.,32767.],
[1.555,5399.648,0.,0.,0.,0.,32767.],
[1.555,5399.648,0.,0.,0.,0.,32767.],
[1.555,5399.648,0.,0.,0.,0.,32767.],
[1.555,5399.648,0.,0.,0.,0.,32767.],
[1.555,5399.648,0.,0.,0.,0.,32767.],
[1.555,5399.648,0.,0.,0.,0.,32767.],
[1.555,5399.648,0.,0.,0.,0.,32767.],
[1.555,5399.648,0.,0.,0.,0.,32767.],
[1.555,5399.648,0.,0.003,0.,0.,32767.],
[1.555,5399.648,0.,0.,0.,0.,32767.],
[1.555,5399.648,0.,0.,0.,0.,32767.],
[1.555,5399.648,0.,0.,0.,0.,32767.],
[1.555,5399.648,0.,-0.003,0.,0.,32767.],
[1.555,5399.648,0.,0.,0.,0.,32767.],
[1.555,5399.648,0.,0.,0.,0.,32767.],
[1.555,5399.648,0.,0.,0.,0.,32767.],
[1.555,5399.648,0.,-0.003,0.,0.,32767.],
[1.555,5399.648,0.,0.,0.,0.,32767.],
[1.555,5399.648,0.,0.,0.,0.,32767.],
[1.555,5399.648,0.,0.,0.,0.,32767.],
[1.555,5399.648,0.,0.,0.,0.,57343.],
[1.558,5398.506,0.,0.174,-91.13,0.,57343.],
[1.452,5395.078,0.,0.841,-315.228,0.,57343.],
[1.476,5389.980,0.,1.036,-240.319,0.,57343.],
[1.496,5384.268,0.,1.055,-273.415,0.,57343.],
[1.524,5378.906,0.,1.321,-261.508,0.,57343.],
[1.549,5373.457,0.,1.205,-270.559,0.,32767.],
[1.576,5369.414,0.,1.32,-188.554,0.,32767.],
[1.601,5365.898,0.,1.110,-49.581,0.,32767.],
[1.618,5364.316,0.,0.763,-89.876,0.,32767.],
[1.634,5363.701,0.,0.796,-41.005,0.,32767.],
[1.648,5363.877,0.,0.674,0.,0.,32767.],
[1.657,5365.02,0.,0.447,49.712,0.,32767.],
[1.663,5367.832,0.,0.297,107.405,0.,32767.],
[1.667,5371.348,0.,0.197,164.235,0.,32767.],
[1.67,5376.094,0.,0.127,181.934,0.,32767.],
[1.671,5380.752,0.,0.058,248.138,0.,32767.],
[1.671,5386.641,0.,0.008,306.355,0.,32767.],
[1.671,5393.672,0.,0.,290.041,0.,32767.],
[1.671,0.527,0.,0.,339.826,0.,32767.],
[1.671,8.35,0.,0.,389.740,0.,32767.],
[1.671,15.908,0.,0.003,339.954,0.,32767.],
[1.671,23.906,0.,0.,339.954,0.,32767.],
[1.671,30.498,0.,0.,323.341,0.,32767.],
[1.671,36.826,0.,0.,281.568,0.,32767.],
[1.671,42.012,0.,0.,248.724,0.,32767.],
[1.671,46.934,0.,0.,207.211,0.,32767.],
[1.671,50.977,0.,0.,157.480,0.,32767.],
[1.671,53.525,0.,0.,115.918,0.,32767.],
[1.671,55.195,0.,0.,66.314,0.,32767.],
[1.671,55.635,0.,0.,24.856,0.,32767.],
[1.671,55.195,0.,0.,-24.875,0.,32767.],
[1.671,53.789,0.,0.,-66.320,0.,32767.],
[1.671,51.504,0.,0.,-116.093,0.,32767.],
[1.671,48.164,0.,0.,-157.495,0.,32767.],
[1.671,43.594,0.,0.,-199.073,0.,32767.],
[1.671,38.848,0.,0.,-240.478,0.,32767.],
[1.671,33.398,0.,0.,-273.493,0.,32767.],
[1.671,25.84,0.,0.,-306.672,0.,32767.],
[1.671,18.984,0.,0.,-331.694,0.,32767.],
[1.671,11.074,0.,0.,-348.115,0.,32767.],
[1.671,4.131,0.,0.,-339.922,0.,32767.],
[1.671,5396.836,0.,0.,508758.062,0.,32767.],
[1.671,5389.893,0.,0.,-306.643,0.,32767.],
[1.671,5383.564,0.,0.,-281.807,0.,32767.],
[1.671,5377.764,0.,0.,-265.455,0.,32767.],
[1.671,5372.754,0.,0.,-240.455,0.,32767.],
[1.671,5368.623,0.,0.,-198.979,0.,32767.],
[1.671,5364.756,0.,0.,-165.691,0.,32767.],
[1.671,5361.855,0.,0.,-140.943,0.,32767.],
[1.671,5359.395,0.,0.,-107.851,0.,32767.],
[1.671,5357.725,0.,0.,-87.311,0.,32767.],
[1.671,5356.494,0.,0.,-57.445,0.,32767.],
[1.671,5356.230,0.,0.,-24.649,0.,32767.],
[1.671,5356.494,0.,0.,8.204,0.,32767.],
[1.671,5357.725,0.,0.,58.041,0.,32767.],
[1.671,5359.395,0.,0.,91.207,0.,32767.],
[1.671,5362.295,0.,0.,116.060,0.,32767.],
[1.671,5365.195,0.,0.,149.094,0.,32767.],
[1.671,5369.414,0.,0.,182.432,0.,32767.],
[1.671,5373.984,0.,0.,215.459,0.,32767.],
[1.671,5379.521,0.,0.,240.342,0.,32767.],
[1.671,5386.025,0.,0.,265.130,0.,32767.],
[1.671,5392.354,0.,0.,281.118,0.,32767.],
[1.671,5398.594,0.,0.,305.778,0.,32767.],
[1.671,5.625,0.,0.,323.188,0.,32767.],
[1.671,12.744,0.,0.,323.310,0.,32767.],
[1.671,19.248,0.,0.,331.569,0.,32767.],
[1.671,26.016,0.,0.,306.557,0.,32767.],
[1.671,31.641,0.,0.,281.701,0.,32767.],
[1.671,37.178,0.,0.,256.942,0.,32767.],
[1.671,41.748,0.,0.,207.27,0.,32767.],
[1.671,45.879,0.,0.,165.800,0.,32767.],
[1.671,48.604,0.,0.,132.703,0.,32767.],
[1.671,50.361,0.,0.,82.947,0.,32767.],
[1.671,51.240,0.,0.,41.430,0.,32767.],
[1.671,51.064,0.,0.,-8.289,0.,32767.],
[1.671,49.746,0.,0.,-49.726,0.,32767.],
[1.671,47.812,0.,0.,-90.609,0.,32767.],
[1.671,45.176,0.,0.,-132.615,0.,32767.],
[1.671,41.484,0.,0.,-165.816,0.,32767.],
[1.671,37.266,0.,0.,-207.27,0.,32767.],
[1.671,32.080,0.,0.,-240.297,0.,32767.],
[1.671,26.543,0.,0.,-273.544,0.,32767.],
[1.671,19.072,0.,0.,-306.614,0.,32767.],
[1.671,11.338,0.,0.,-314.931,0.,32767.],
[1.671,4.922,0.,0.,-320.499,0.,32767.],
[1.671,5397.715,0.,0.,-315.109,0.,32767.],
[1.671,5390.947,0.,0.,-290.287,0.,32767.],
[1.671,5384.619,0.,0.,-265.430,0.,32767.],
[1.671,5379.258,0.,0.,-248.747,0.,32767.],
[1.671,5374.512,0.,0.,-207.328,0.,32767.],
[1.671,5370.381,0.,0.,-182.328,0.,32767.],
[1.671,5366.865,0.,0.,-157.555,0.,32767.],
[1.671,5363.701,0.,0.,-124.315,0.,32767.],
[1.671,5361.768,0.,0.,-91.216,0.,32767.],
[1.671,5360.361,0.,0.,-58.041,0.,32767.],
[1.671,5360.361,0.,0.,-58.041,0.,32767.],
], [
[1.602,5399.648,0.,0.,509681.,0.,32767.],
[1.602,5398.945,0.,0.,-41.427,0.,32767.],
[1.602,5398.242,0.,0.,-33.141,0.,32767.],
[1.602,5397.627,0.,0.,-33.148,0.,32767.],
[1.602,5397.012,0.,0.,-33.160,0.,32767.],
[1.602,5396.484,0.,0.,-24.861,0.,32767.],
[1.602,5396.133,0.,0.,-16.577,0.,32767.],
[1.602,5395.693,0.,0.,-16.568,0.,32767.],
[1.602,5395.518,0.,0.,-8.290,0.,32767.],
[1.602,5395.342,0.,0.,-8.288,0.,32767.],
[1.602,5395.342,0.,0.,0.,0.,32767.],
[1.602,5395.342,0.,0.,0.,0.,32767.],
[1.602,5395.518,0.,0.,8.287,0.,32767.],
[1.602,5395.693,0.,0.,8.289,0.,32767.],
[1.602,5395.869,0.,0.,8.290,0.,32767.],
[1.602,5396.133,0.,0.,16.588,0.,32767.],
[1.602,5396.572,0.,0.,16.569,0.,32767.],
[1.602,5397.1,0.,0.,24.863,0.,32767.],
[1.602,5397.627,0.,0.,23.804,0.,32767.],
[1.602,5398.154,0.,0.,24.628,0.,32767.],
[1.602,5398.682,0.,0.,16.453,0.,32767.],
[1.602,5399.297,0.,0.,24.884,0.,32767.],
[1.602,5399.824,0.,0.,23.836,0.,32767.],
[1.602,0.439,0.,0.,24.872,0.,32767.],
[1.602,0.967,0.,0.,24.868,0.,32767.],
[1.602,1.406,0.,0.,16.582,0.,32767.],
[1.602,1.758,0.,0.,16.571,0.,32767.],
[1.602,2.109,0.,0.,16.578,0.,32767.],
[1.602,2.461,0.,0.,16.586,0.,32767.],
[1.602,2.637,0.,0.,0.,0.,32767.],
[1.602,2.725,0.,0.,8.288,0.,32767.],
[1.602,2.725,0.,0.,0.,0.,32767.],
[1.602,2.637,0.,0.,-8.288,0.,32767.],
[1.602,2.549,0.,0.,-8.292,0.,32767.],
[1.602,2.461,0.,0.,-8.292,0.,32767.],
[1.602,2.197,0.,0.,-8.285,0.,32767.],
[1.602,2.021,0.,0.,-8.285,0.,32767.],
[1.602,1.582,0.,0.,-24.858,0.,32767.],
[1.602,1.230,0.,0.,-16.575,0.,32767.],
[1.602,0.791,0.,0.,-16.585,0.,32767.],
[1.602,0.352,0.,0.,-16.572,0.,32767.],
[1.602,5399.912,0.,0.,-16.586,0.,32767.],
[1.602,5399.473,0.,0.,-16.578,0.,32767.],
[1.602,5399.033,0.,0.,-16.577,0.,32767.],
[1.602,5398.682,0.,0.,-16.583,0.,32767.],
[1.602,5398.330,0.,0.,-16.574,0.,32767.],
[1.602,5398.066,0.,0.,-16.586,0.,57343.],
[1.604,5396.396,0.,0.055,-82.955,0.,57343.],
[1.617,5393.057,0.,0.577,-256.845,0.,57343.],
[1.639,5387.168,0.,1.139,-215.621,0.,57343.],
[1.664,5381.543,0.,1.091,-281.780,0.,57343.],
[1.691,5375.830,0.,1.312,-273.519,0.,57343.],
[1.721,5370.117,0.,1.334,-223.767,0.,57343.],
[1.753,5364.756,0.,1.364,-240.251,0.,32767.],
[1.780,5361.328,0.,1.332,-140.904,0.,32767.],
[1.804,5358.604,0.,1.127,-49.735,0.,32767.],
[1.83,5356.846,0.,1.166,-99.461,0.,32767.],
[1.847,5356.494,0.,0.779,-16.575,0.,32767.],
[1.864,5356.846,0.,0.777,16.585,0.,32767.],
[1.879,5357.900,0.,0.763,41.454,0.,32767.],
[1.893,5360.801,0.,0.558,132.665,0.,32767.],
[1.901,5365.02,0.,0.39,207.231,0.,32767.],
[1.907,5369.502,0.,0.287,223.767,0.,32767.],
[1.913,5375.479,0.,0.232,223.746,0.,32767.],
[1.917,5382.422,0.,0.171,323.432,0.,32767.],
[1.919,5391.562,0.,0.110,356.336,0.,32767.],
[0.120,0.615,0.,-169.240,421.558,0.,32767.],
[1.92,9.844,0.,169.446,496.464,0.,32767.],
[1.92,21.094,0.,0.,456.208,0.,32767.],
[1.92,30.234,0.,0.,452.493,0.,32767.],
[1.92,39.902,0.,0.,422.87,0.,32767.],
[1.92,48.34,0.,0.,348.410,0.,32767.],
[1.92,55.898,0.,0.,314.961,0.,32767.],
[1.92,61.523,0.,0.,257.16,0.,32767.],
[1.92,66.006,0.,0.,190.598,0.,32767.],
[1.92,69.258,0.,0.,140.877,0.,32767.],
[1.92,71.455,0.,0.,114.95,0.,32767.],
[1.92,73.037,0.,0.,49.773,0.,32767.],
[1.92,73.213,0.,0.,-8.293,0.,32767.],
[1.92,72.070,0.,0.,-66.314,0.,32767.],
[1.92,69.873,0.,0.,-92.169,0.,32767.],
[1.92,66.006,0.,0.,-182.466,0.,32767.],
[1.92,61.787,0.,0.,-198.166,0.,32767.],
[1.92,56.338,0.,0.,-246.491,0.,32767.],
[1.92,50.186,0.,0.,-295.817,0.,32767.],
[1.92,41.572,0.,0.,-356.571,0.,32767.],
[1.92,33.574,0.,0.,-398.2,0.,32767.],
[1.92,23.643,0.,0.,-431.162,0.,32767.],
[1.92,13.008,0.,0.,-455.864,0.,32767.],
[1.92,3.604,0.,0.,-464.021,0.,32767.],
[1.92,5394.199,0.,0.,-430.999,0.,32767.],
[1.92,5385.498,0.,0.,-389.41,0.,32767.],
[1.92,5378.027,0.,0.,-381.166,0.,32767.],
[1.92,5370.996,0.,0.,-336.274,0.,32767.],
[1.92,5365.02,0.,0.,-295.652,0.,32767.],
[1.92,5358.955,0.,0.,-264.457,0.,32767.],
[1.92,5354.561,0.,0.,-221.905,0.,32767.],
[1.92,5350.605,0.,0.,-181.814,0.,32767.],
[1.92,5347.354,0.,0.,-157.154,0.,32767.],
[1.92,5345.068,0.,0.,-107.557,0.,32767.],
[1.92,5343.574,0.,0.,-74.561,0.,32767.],
[1.92,5342.871,0.,0.,-33.157,0.,32767.],
[1.92,5342.959,0.,0.,8.292,0.,32767.],
[1.92,5343.838,0.,0.,49.754,0.,32767.],
[1.92,5345.947,0.,0.,82.908,0.,32767.],
[1.92,5348.408,0.,0.,115.907,0.,32767.],
[1.92,5351.924,0.,0.,157.555,0.,32767.],
[1.92,5355.879,0.,0.,198.979,0.,32767.],
[1.92,5361.592,0.,0.,223.746,0.,32767.],
[1.92,5367.393,0.,0.,273.055,0.,32767.],
[1.92,5373.984,0.,0.,306.095,0.,32767.],
[1.92,5381.367,0.,0.,339.027,0.,32767.],
[1.92,5389.717,0.,0.,380.193,0.,32767.],
[1.92,5397.891,0.,0.,396.611,0.,32767.],
[1.92,8.701,0.,0.,439.370,0.,32767.],
[1.92,18.105,0.,0.,436.734,0.,32767.],
[1.92,26.895,0.,0.,444.891,0.,32767.],
[1.92,35.771,0.,0.,413.603,0.,32767.],
[1.92,43.154,0.,0.,372.804,0.,32767.],
[1.92,50.098,0.,0.,323.249,0.,32767.],
[1.92,56.074,0.,0.,281.860,0.,32767.],
[1.92,61.523,0.,0.,232.120,0.,32767.],
[1.92,65.566,0.,0.,140.957,0.,32767.],
[1.92,67.764,0.,0.,99.499,0.,32767.],
[1.92,69.17,0.,0.,49.717,0.,32767.],
[1.92,69.258,0.,0.,-8.288,0.,32767.],
[1.92,67.939,0.,0.,-57.975,0.,32767.],
[1.92,65.654,0.,0.,-107.74,0.,32767.],
[1.92,61.963,0.,0.,-157.495,0.,32767.],
[1.92,57.393,0.,0.,-207.133,0.,32767.],
[1.92,52.207,0.,0.,-248.677,0.,32767.],
[1.92,46.055,0.,0.,-306.614,0.,32767.],
[1.92,37.969,0.,0.,-348.082,0.,32767.],
[1.92,28.916,0.,0.,-389.593,0.,32767.],
[1.92,18.633,0.,0.,-414.657,0.,32767.],
[1.92,8.965,0.,0.,-434.008,0.,32767.],
[1.92,0.439,0.,0.,-428.534,0.,32767.],
[1.92,5391.562,0.,0.,-414.305,0.,32767.],
[1.92,5382.949,0.,0.,-380.121,0.,32767.],
[1.92,5375.215,0.,0.,-315.228,0.,32767.],
[1.92,5368.711,0.,0.,-290.095,0.,32767.],
[1.92,5363.35,0.,0.,-267.284,0.,32767.],
[1.92,5358.428,0.,0.,-238.141,0.,32767.],
[1.92,5354.209,0.,0.,-197.119,0.,32767.],
[1.92,5354.209,0.,0.,-197.119,0.,32767.]
]