[
[49082211, 0, 0.0, 0.0, 0.0, 0.0, 0.0, 0.0],
[70775171, 0, 0.0, 0.0, 0.0, 0.0, 0.0, 0.0],
[91631505, 0, 0.0, 0.0, 0.0, 0.0, 0.0, 0.0],
[117068167, 0, 0.0, -0.08789, 0.0, 0.0, 0.0, 0.0],
[141833456, 0, 0.0, 0.0, 0.0, 0.0, 0.0, 0.0],
[163991836, 0, 0.0, 0.0, 0.0, 0.0, 8.30567, 0.0],
[187338509, 0, 0.0, 0.0, 0.0, 0.0, 0.0, 0.0],
[210897926, 0, 0.0, 0.0, 0.0, 0.0, 0.0, 0.0],
[231464941, 0, 0.0, 0.0, 0.0, 0.0, 0.0, 0.0],
[252074930, 0, 0.0, 0.0, 0.0, 0.0, 0.0, 0.0],
[272692233, 0, 0.0, 0.0, 0.0, 0.0, 0.0, 0.0],
[293417991, 0, 0.0, 0.0, 0.0, 0.0, 0.0, 0.0],
[318174606, 0, 0.0, 0.0, 0.0, 0.0, 0.0, 0.0],
[342042270, 0, 0.0, 0.0, 0.0, 0.0, -8.3096, 0.0],
[365166643, 0, 0.0, 0.0, 0.0, 0.0, 0.0, 0.0],
[386016114, 0, 0.0, 0.0, 0.0, 0.0, 0.0, 0.0],
[406758130, 0, 0.0, 0.0, 0.0, 0.0, 0.0, 0.0],
[427475616, 0, 0.0, 0.0, 0.0, 0.0, 0.0, 0.0],
[450186068, 0, 0.0, 0.0, 0.0, 0.0, 0.0, 0.0],
[470859261, 0, 0.0, 0.0, 0.0, 0.0, 0.0, 0.0],
[491569158, 0, 0.0, 0.0, 0.0, 0.0, 0.0, 0.0],
[515300034, 0, 0.0, 0.0, 0.0, 0.0, 0.0, 0.0],
[540513198, 0, 0.0, 0.0, 0.0, 0.0, 0.0, 0.0],
[561999264, 0, 0.0, 0.0, 0.0, 0.0, 0.0, 0.0],
[582640750, 0, 0.0, 0.0, 0.0, 0.0, 0.0, 0.0],
[604907094, 0, 0.0, 0.0, 0.0, 0.0, -8.10351, 0.0],
[625633689, 0, 0.0, 0.0, 0.0, 0.0, 0.0, 0.0],
[648702726, 0, 0.0, 0.0, 0.0, 0.0, 0.0, 0.0],
[672173681, 0, 0.0, 0.0, 0.0, 0.0, 0.0, 0.0],
[697595512, 0, 0.0, 0.0, 0.0, 0.0, 0.0, 0.0],
[724977881, 0, 0.0, 0.0, 0.0, 0.0, 0.0, 0.0],
[748902085, 0, 0.0, 0.0, 0.0, 0.0, -8.30646, 0.0],
[769959665, 0, 0.0, 0.0, 0.0, 0.0, 0.0, 0.0],
[794813204, 0, 0.0, 0.0, 0.0, 0.0, 0.0, 0.0],
[817768525, 0, 0.0, 0.0, 0.0, 0.0, 0.0, 0.0],
[839471664, 0, 0.0, 0.0, 0.0, 0.0, 0.0, 0.0],
[862596781, 0, 0.0, 0.0, 0.0, 0.0, 0.0, 0.0],
[885605484, 0, 0.0, 0.0, 0.0, 0.0, 0.0, 0.0],
[906219862, 0, 0.0, 0.0, 0.0, 0.0, 0.0, 0.0],
[930161046, 0, 0.0, 0.0, 0.0, 0.0, 0.0, 0.0],
[955203014, 0, 0.0, 0.0, 0.0, 0.0, 0.0, 0.0],
[979628749, 0, 0.0, 0.0, 0.0, 0.0, 0.0, 0.0],
[1003944722, 0, 0.0, 0.0, 0.0, 0.0, 0.0, 0.0],
[1028867975, 0, 0.0, 0.0, 0.0, 0.0, 0.0, 0.0],
[1050694468, 0.1, 0.0, 0.0, 0.0, 0.0, 0.0, 0.0],
[1072360125, 0.1, 0.0, 0.0, 0.0, 0.0, 8.30881, 0.0],
[1092979199, 0.1, 3e-05, 0.0, 0.0, 0.00277, -8.30724, 0.0],
[1114661801, 0.1, 0.00193, -0.08789, 0.0, 0.09964, 41.51659, 0.0],
[1136674536, 0.1, 0.00457, -1.31836, 0.0, 0.1218, 24.91466, 0.0],
[1157670869, 0.1, 0.00756, -2.19727, 0.0, 0.13838, -33.21014, 0.0],
[1179943969, 0.1, 0.01058, -3.16406, 0.0, 0.15504, -24.91702, 0.0],
[1205360446, 0.1, 0.01409, -4.04297, 0.0, 0.15778, -49.82462, 0.0],
[1245356481, -0.1, 0.01857, -5.18555, 0.0, 0.1717, -41.54014, 0.0],
[1266753083, -0.1, 0.02666, -6.41602, 0.0, 0.2132, -33.22583, 0.0],
[1287306661, -0.1, 0.03003, -6.06445, 0.0, 0.1771, 24.90525, 0.0],
[1309472405, -0.1, 0.02953, -5.97656, 0.0, -0.03045, -24.91702, 0.0],
[1332699931, -0.1, 0.0266, -3.95508, 0.0, -0.13562, -58.12323, 0.0],
[1353970328, -0.1, 0.02297, -2.28516, 0.0, -0.15778, 58.12872, 0.0],
[1376412322, -0.1, 0.01975, -0.35156, 0.0, -0.16331, 132.86565, 0.0],
[1400721428, -0.1, 0.01602, 2.02148, 0.0, -0.15772, 83.00966, 0.0],
[1425398252, -0.1, 0.01239, 4.21875, 0.0, -0.15779, 99.65865, 0.0],
[1446444261, 0.1, 0.00856, 6.50391, 0.0, -0.16062, 91.38831, 0.0],
[1467358979, 0.1, 0.00507, 8.52539, 0.0, -0.16604, 91.31925, 0.0],
[1490869813, 0.1, 0.00226, 9.84375, 0.0, -0.16395, 87.26391, 0.0],
[1512692493, 0.1, 0.00296, 10.10742, 0.0, 0.07479, 0.0, 0.0],
[1534967661, 0.1, 0.00565, 9.66797, 0.0, 0.12458, 0.0, 0.0],
[1556581266, 0.1, 0.0087, 8.34961, 0.0, 0.14671, -74.73692, 0.0],
[1578546648, 0.1, 0.01207, 7.20703, 0.0, 0.15784, -66.45794, 0.0],
[1604013034, 0.1, 0.01564, 5.625, 0.0, 0.16893, -91.38831, 0.0],
[1625491695, 0.1, 0.02042, 3.25195, 0.0, 0.18274, -74.75812, 0.0],
[1646273608, -0.1, 0.02455, 1.49414, 0.0, 0.20762, -83.04888, 0.0],
[1666722729, -0.1, 0.02941, -0.26367, 0.0, 0.22687, -99.60218, 0.0],
[1689567773, -0.1, 0.03308, -0.9668, 0.0, 0.17996, -33.22269, 0.0],
[1710198742, -0.1, 0.03287, -2.19727, 0.0, -0.02769, -33.22269, 0.0],
[1732629455, -0.1, 0.03032, -2.10938, 0.0, -0.13836, -99.621, 0.0],
[1762791817, -0.1, 0.02681, -2.02148, 0.0, -0.16333, -66.4391, 0.0],
[1783456327, -0.1, 0.02156, -0.70312, 0.0, -0.16896, 24.9288, 0.0],
[1803958606, -0.1, 0.01825, 0.26367, 0.0, -0.16331, 66.43282, 0.0],
[1827496418, -0.1, 0.01506, 0.70312, 0.0, -0.15879, 7.93953, 0.0],
[1851695462, 0, 0.01119, 1.75781, 0.0, -0.1522, 74.71575, 0.0],
[1875830505, 0, 0.00747, 2.28516, 0.0, -0.16058, 8.30567, 0.0],
[1897314936, 0, 0.00375, 2.90039, 0.0, -0.15227, 0.0, 0.0],
[1922741822, 0, 0.00152, 3.25195, 0.0, -0.11068, -8.30096, 0.0],
[1943299242, 0, -0.00012, 2.72461, 0.0, -0.06369, 33.22897, 0.0],
[1965841916, 0, -0.00062, 2.37305, 0.0, -0.02474, -16.49444, 0.0],
[1987241171, 0, -0.00067, 1.49414, 0.0, -0.00276, -33.17253, 0.0],
[2012467049, 0, -0.00067, 0.79102, 0.0, 0.00275, -41.24384, 0.0],
[2033239509, 0, -0.00067, -0.17578, 0.0, -0.00277, -33.22897, 0.0],
[2055940800, 0, -0.00067, -0.87891, 0.0, 0.0, -33.22269, 0.0],
[2078957027, 0, -0.00064, -1.75781, 0.0, 0.00277, -33.21955, 0.0],
[2103591229, 0, -0.00067, -2.46094, 0.0, -0.00277, -33.20073, 0.0],
[2126332797, 0, -0.00064, -3.16406, 0.0, 0.00277, -24.90996, 0.0],
[2151556891, 0, -0.00064, -3.7793, 0.0, -0.00277, -24.89584, 0.0],
[2172355222, 0, -0.00067, -4.30664, 0.0, 0.0, -16.61292, 0.0],
[2196417266, 0, -0.00067, -4.6582, 0.0, 0.0, -23.74353, 0.0],
[2221587607, 0, -0.00064, -4.92188, 0.0, 0.0, -8.30567, 0.0],
[2242079321, 0, -0.00064, -5.09766, 0.0, 0.0, -8.3041, 0.0],
[2262809146, 0, -0.00064, -5.09766, 0.0, 0.0, 0.0, 0.0],
[2285250906, 0, -0.00064, -5.00977, 0.0, 0.0, 8.30489, 0.0],
[2309090721, 0, -0.00067, -4.83398, 0.0, -0.00277, 8.30724, 0.0],
[2332237399, 0, -0.00067, -4.57031, 0.0, 0.00277, 16.60821, 0.0],
[2354461208, 0, -0.00067, -4.13086, 0.0, 0.0, 16.61292, 0.0],
[2377043013, 0, -0.00067, -3.60352, 0.0, 0.0, 24.9076, 0.0],
[2402472678, 0, -0.00064, -3.07617, 0.0, -0.00277, 24.90054, 0.0],
[2427994952, 0, -0.00067, -2.46094, 0.0, -0.00277, 16.60978, 0.0],
[2449337167, 0, -0.00067, -1.8457, 0.0, 0.0, 33.20386, 0.0],
[2472887418, 0, -0.00067, -1.14258, 0.0, 0.0, 24.91466, 0.0],
[2496953548, 0, -0.00067, -0.35156, 0.0, 0.0, 41.53229, 0.0],
[2522343400, 0, -0.00064, 0.61523, 0.0, 0.0, 41.52052, 0.0],
[2543748665, 0, -0.00067, 1.31836, 0.0, -0.00277, 24.91937, 0.0],
[2564453926, 0, -0.00067, 2.02148, 0.0, 0.0, 33.21327, 0.0],
[2585293726, 0, -0.00067, 2.54883, 0.0, 0.0, 23.86819, 0.0],
[2607163515, 0, -0.00067, 3.07617, 0.0, 0.0, 16.49444, 0.0],
[2628280710, 0, -0.00067, 3.42773, 0.0, 0.0, 16.50528, 0.0],
[2653542552, 0, -0.00067, 3.7793, 0.0, 0.0, 16.48207, 0.0],
[2675237675, 0, -0.00067, 4.04297, 0.0, 0.0, 8.30803, 0.0],
[2695734972, 0, -0.00064, 4.13086, 0.0, 0.00277, 8.30253, 0.0],
[2720170680, 0, -0.00067, 4.21875, 0.0, 0.0, 0.0, 0.0],
[2743128376, 0, -0.00067, 4.13086, 0.0, 0.0, -8.30332, 0.0],
[2771187536, 0, -0.00067, 4.04297, 0.0, 0.0, 0.0, 0.0],
[2791868679, 0, -0.00067, 3.69141, 0.0, 0.0, -16.61134, 0.0],
[2812704983, 0, -0.00067, 3.51562, 0.0, 0.0, -7.91237, 0.0],
[2836201158, 0, -0.00064, 3.16406, 0.0, 0.00275, -16.49908, 0.0],
[2858387430, 0, -0.00067, 2.63672, 0.0, 0.0, -24.86063, 0.0],
[2879140243, 0, -0.00064, 2.10938, 0.0, 0.00277, -16.61292, 0.0],
[2902028737, 0, -0.00067, 1.49414, 0.0, -0.00264, -31.62102, 0.0],
[2926905828, 0, -0.00064, 0.87891, 0.0, 0.00277, -24.91937, 0.0],
[2952311608, 0, -0.00067, 0.26367, 0.0, 0.00277, -33.21327, 0.0],
[2973681386, 0, -0.00067, -0.43945, 0.0, 0.0, -33.21641, 0.0],
[2999086848, 0, -0.00067, -1.05469, 0.0, 0.0, -33.207, 0.0],
[3023123089, 0, -0.00067, -1.66992, 0.0, 0.0, -24.91231, 0.0],
[3045226436, 0, -0.00067, -2.19727, 0.0, 0.0, -16.6035, 0.0],
[3069892644, 0, -0.00067, -2.63672, 0.0, 0.00277, -16.61292, 0.0],
[3090928309, 0, -0.00067, -3.07617, 0.0, -0.00277, -16.60664, 0.0],
[3111996971, 0, -0.00067, -3.33984, 0.0, -0.00277, -16.61292, 0.0],
[3134742547, 0, -0.00067, -3.60352, 0.0, 0.0, -8.30567, 0.0],
[3155778127, 0, -0.00064, -3.69141, 0.0, 0.0, -8.3041, 0.0],
[3178845270, 0, -0.00067, -3.7793, 0.0, 0.00277, 0.0, 0.0],
[3201936996, 0, -0.00064, -3.7793, 0.0, 0.0, 0.0, 0.0],
[3223975885, 0, -0.00067, -3.69141, 0.0, 0.0, 8.30803, 0.0],
[3247988894, 0, -0.00067, -3.51562, 0.0, -0.00277, 8.30489, 0.0],
[3277900041, 0, -0.00067, -3.25195, 0.0, 0.00277, 8.3041, 0.0],
[3298438654, 0, -0.00067, -2.8125, 0.0, -0.00277, 24.91702, 0.0],
[3321243719, 0, -0.00067, -2.46094, 0.0, 0.0, 16.61134, 0.0],
[3346747187, 0, -0.00064, -1.93359, 0.0, 0.0, 16.60507, 0.0],
[3368402958, 0, -0.00067, -1.49414, 0.0, 0.0, 16.6035, 0.0],
[3389287094, 0, -0.00067, -1.05469, 0.0, 0.0, 16.48825, 0.0],
[3414704679, 0, -0.00067, -0.61523, 0.0, 0.0, 24.65606, 0.0],
[3438897064, 0, -0.00064, 0.17578, 0.0, 0.0, 33.22583, 0.0],
[3459587496, 0, -0.00067, 0.70312, 0.0, 0.0, 24.91702, 0.0],
[3483821852, 0, -0.00064, 1.05469, 0.0, 0.0, 24.91231, 0.0],
[3508949933, 0, -0.00067, 1.49414, 0.0, -0.00277, 16.60193, 0.0],
[3530813828, 0, -0.00067, 2.02148, 0.0, -0.00277, 24.91231, 0.0],
[3551231477, 0, -0.00067, 2.37305, 0.0, 0.0, 16.59096, 0.0],
[3572638163, 0, -0.00067, 2.72461, 0.0, 0.0, 16.58783, 0.0],
[3593266028, 0, -0.00067, 2.90039, 0.0, 0.0, 8.29862, 0.0],
[3614960071, 0, -0.00064, 2.98828, 0.0, -0.00277, 8.29783, 0.0],
[3637012049, 0, -0.00067, 3.07617, 0.0, 0.0, 0.0, 0.0],
[3659612425, 0, -0.00064, 3.16406, 0.0, 0.0, 0.0, 0.0],
[3682614034, 0, -0.00067, 3.07617, 0.0, 0.00277, -8.30253, 0.0],
[3704670289, 0, -0.00067, 2.98828, 0.0, 0.0, -8.29548, 0.0],
[3729803264, 0, -0.00067, 2.8125, 0.0, -0.00276, -8.29235, 0.0],
[3754585405, 0, -0.00067, 2.54883, 0.0, 0.0, -8.30567, 0.0],
[3776338860, 0, -0.00067, 2.19727, 0.0, -0.00277, -8.30567, 0.0],
[3797276112, 0, -0.00064, 1.8457, 0.0, 0.0, -16.60193, 0.0],
[3822728503, 0, -0.00067, 1.49414, 0.0, 0.0, -24.89819, 0.0],
[3843456372, 0, -0.00064, 1.05469, 0.0, 0.0, -16.60978, 0.0],
[3868320646, 0, -0.00067, 0.70312, 0.0, 0.0, -16.60664, 0.0],
],
[
[91376933, 0, -0.00067, -0.08789, 0.0, 0.0, 0.0, 0.0],
[117011020, 0, -0.00067, -0.08789, 0.0, 0.0, 0.0, 0.0],
[137745765, 0, -0.00067, -0.08789, 0.0, 0.0, 0.0, 0.0],
[159839673, 0, -0.00067, -0.08789, 0.0, 0.0, 0.0, 0.0],
[180681241, 0, -0.00067, -0.08789, 0.0, 0.0, 0.0, 0.0],
[204417009, 0, -0.00064, -0.08789, 0.0, 0.0, 0.0, 0.0],
[226321384, 0, -0.00067, -0.08789, 0.0, 0.0, 0.0, 0.0],
[248008375, 0, -0.00067, -0.08789, 0.0, 0.0, 0.0, 0.0],
[272084599, 0, -0.00067, -0.08789, 0.0, 0.0, 0.0, 0.0],
[292996016, 0, -0.00067, -0.08789, 0.0, 0.0, 0.0, 0.0],
[313985278, 0, -0.00067, -0.08789, 0.0, 0.0, 0.0, 0.0],
[335463491, 0, -0.00067, -0.08789, 0.0, 0.00275, 0.0, 0.0],
[355957134, 0, -0.00067, -0.08789, 0.0, 0.0, 0.0, 0.0],
[378591962, 0, -0.00067, -0.08789, 0.0, 0.0, 0.0, 0.0],
[399979863, 0, -0.00067, -0.08789, 0.0, 0.0, 0.0, 0.0],
[421808104, 0, -0.00067, -0.08789, 0.0, 0.0, 0.0, 0.0],
[447330854, 0, -0.00067, -0.08789, 0.0, 0.00276, 0.0, 0.0],
[471319634, 0, -0.00067, -0.08789, 0.0, 0.0, 0.0, 0.0],
[494285594, 0, -0.00067, -0.08789, 0.0, 0.0, 0.0, 0.0],
[515054363, 0, -0.00067, -0.08789, 0.0, 0.0, 0.0, 0.0],
[536372803, 0, -0.00067, -0.08789, 0.0, 0.0, 0.0, 0.0],
[556987329, 0, -0.00067, -0.08789, 0.0, 0.0, 0.0, 0.0],
[584434842, 0, -0.00067, -0.08789, 0.0, 0.0, 0.0, 0.0],
[605361914, 0, -0.00067, -0.08789, 0.0, 0.0, 0.0, 0.0],
[625816994, 0, -0.00067, -0.08789, 0.0, 0.0, 0.0, 0.0],
[649279580, 0, -0.00067, -0.08789, 0.0, 0.0, 0.0, 0.0],
[672883198, 0, -0.00067, -0.08789, 0.0, 0.0, 0.0, 0.0],
[694863850, 0, -0.00067, -0.08789, 0.0, 0.0, 0.0, 0.0],
[717937593, 0, -0.00067, -0.08789, 0.0, 0.0, 0.0, 0.0],
[742450183, 0, -0.00067, -0.08789, 0.0, 0.0, 0.0, 0.0],
[767444529, 0, -0.00067, -0.08789, 0.0, 0.0, 0.0, 0.0],
[790987561, 0, -0.00067, -0.08789, 0.0, 0.0, 0.0, 0.0],
[812407283, 0, -0.00067, -0.08789, 0.0, 0.0, 0.0, 0.0],
[834434550, 0, -0.00067, -0.08789, 0.0, 0.0, 0.0, 0.0],
[855274553, 0, -0.00067, -0.08789, 0.0, 0.0, 0.0, 0.0],
[880754630, 0, -0.00067, -0.08789, 0.0, 0.0, 0.0, 0.0],
[904044263, 0, -0.00067, -0.08789, 0.0, 0.0, 0.0, 0.0],
[926138303, 0, -0.00067, -0.08789, 0.0, 0.0, 0.0, 0.0],
[949978374, 0, -0.00067, -0.08789, 0.0, -0.00277, 0.0, 0.0],
[972662663, 0, -0.00067, -0.08789, 0.0, 0.00277, 0.0, 0.0],
[997744227, 0, -0.00067, -0.08789, 0.0, 0.0, 0.0, 0.0],
[1021320556, 0, -0.00067, -0.08789, 0.0, 0.0, 0.0, 0.0],
[1042038543, 0, -0.00067, -0.08789, 0.0, 0.0, 0.0, 0.0],
[1066785807, 0, -0.00067, -0.08789, 0.0, 0.0, 0.0, 0.0],
[1092628132, 0.2, -0.00067, -0.08789, 0.0, 0.0, 0.0, 0.0],
[1123237742, 0.2, -0.00067, -0.08789, 0.0, 0.0, 0.0, 0.0],
[1145609497, 0.2, 0.00117, -0.70312, 0.0, 0.07476, -74.76518, 0.0],
[1168231917, 0.2, 0.00592, -1.75781, 0.0, 0.21861, -190.94025, 0.0],
[1190894401, 0.2, 0.01213, -4.04297, 0.0, 0.26563, -58.10676, 0.0],
[1213571317, 0.2, 0.01878, -6.06445, 0.0, 0.29869, -91.26752, 0.0],
[1238972917, 0.2, 0.02757, -8.17383, 0.0, 0.36804, -83.01749, 0.0],
[1259743016, 0.2, 0.03856, -10.10742, 0.0, 0.45132, -58.1452, 0.0],
[1284365368, -0.2, 0.04863, -11.77734, 0.0, 0.46503, -74.73692, 0.0],
[1308813341, -0.2, 0.05906, -13.0957, 0.0, 0.42082, -58.13971, 0.0],
[1329597786, -0.2, 0.06586, -13.0957, 0.0, 0.31279, 58.12872, 0.0],
[1350367360, -0.2, 0.06463, -11.16211, 0.0, -0.0609, 8.3041, 0.0],
[1372750578, -0.2, 0.06053, -8.4375, 0.0, -0.20489, 116.2904, 0.0],
[1398231377, -0.2, 0.0535, -5.27344, 0.0, -0.30445, 149.45973, 0.0],
[1421747434, -0.2, 0.04354, -0.79102, 0.0, -0.38742, 207.54375, 0.0],
[1445993856, -0.2, 0.03331, 4.13086, 0.0, -0.44016, 182.70752, 0.0],
[1471312287, -0.2, 0.02326, 9.14062, 0.0, -0.39583, 149.47385, 0.0],
[1491790099, 0.2, 0.01491, 13.97461, 0.0, -0.33232, 216.00873, 0.0],
[1516907838, 0.2, 0.00847, 17.92969, 0.0, -0.31835, 166.09776, 0.0],
[1539396902, 0.2, 0.0012, 21.97266, 0.0, -0.32392, 157.80777, 0.0],
[1565030191, 0.2, 0.00267, 22.23633, 0.0, 0.1246, -16.61292, 0.0],
[1590523563, 0.2, 0.00791, 20.47852, 0.0, 0.22702, -99.66808, 0.0],
[1622571820, 0.2, 0.01518, 17.8418, 0.0, 0.27957, -91.34514, 0.0],
[1643509596, 0.2, 0.02681, 13.18359, 0.0, 0.36822, -191.03047, 0.0],
[1669067027, 0.2, 0.03577, 9.58008, 0.0, 0.44536, -165.97229, 0.0],
[1694545749, -0.2, 0.04825, 5.53711, 0.0, 0.47092, -174.51808, 0.0],
[1716909004, -0.2, 0.05894, 1.40625, 0.0, 0.4264, -166.12915, 0.0],
[1737621011, -0.2, 0.06604, -1.05469, 0.0, 0.3157, -8.30803, 0.0],
[1763080687, -0.2, 0.06577, -3.60352, 0.0, -0.06643, -182.69028, 0.0],
[1784903761, -0.2, 0.06056, -3.07617, 0.0, -0.20758, -16.60664, 0.0],
[1805854258, -0.2, 0.05385, -1.8457, 0.0, -0.30722, -8.30332, 0.0],
[1826348178, -0.2, 0.04594, -1.31836, 0.0, -0.39018, 0.0, 0.0],
[1848555700, -0.2, 0.03642, 0.43945, 0.0, -0.44574, 24.91702, 0.0],
[1872575027, -0.2, 0.02713, 1.66992, 0.0, -0.4288, 91.29338, 0.0],
[1893854425, 0, 0.01796, 3.33984, 0.0, -0.37088, 49.81991, 0.0],
[1916515744, 0, 0.0114, 3.95508, 0.0, -0.32912, 33.18819, 0.0],
[1940910902, 0, 0.00431, 5.71289, 0.0, -0.31008, 24.91702, 0.0],
[1964351040, 0, -0.00223, 5.71289, 0.0, -0.24922, -8.30724, 0.0],
[1988737545, 0, -0.00706, 5.18555, 0.0, -0.19653, -41.52052, 0.0],
[2014255010, 0, -0.01017, 4.39453, 0.0, -0.11898, -58.10676, 0.0],
[2038763109, 0, -0.01137, 2.8125, 0.0, -0.04428, -83.03318, 0.0],
[2063583057, 0, -0.01157, 0.87891, 0.0, 0.00554, -58.1452, 0.0],
[2084792025, 0, -0.01154, -1.14258, 0.0, 0.0, -83.05672, 0.0],
[2109787712, 0, -0.01154, -2.90039, 0.0, 0.0, -83.03318, 0.0],
[2133116520, 0, -0.01154, -4.6582, 0.0, 0.0, -74.77932, 0.0],
[2163062361, 0, -0.01154, -6.32812, 0.0, 0.0, -66.43282, 0.0],
[2183801675, 0, -0.01154, -8.08594, 0.0, 0.0, -58.1452, 0.0],
[2204738780, 0, -0.01154, -9.05273, 0.0, 0.0, -49.8105, 0.0],
[2226936544, 0, -0.01154, -9.84375, 0.0, 0.0, -33.21955, 0.0],
[2247656550, 0, -0.01154, -10.72266, 0.0, 0.0, -33.21327, 0.0],
[2271329630, 0, -0.01154, -11.16211, 0.0, 0.0, -16.60193, 0.0],
[2291829025, 0, -0.01154, -11.25, 0.0, 0.0, 0.0, 0.0],
[2314332920, 0, -0.01154, -11.33789, 0.0, 0.0, -8.30724, 0.0],
[2334849500, 0, -0.01154, -11.16211, 0.0, 0.0, 8.30332, 0.0],
[2358341503, 0, -0.01154, -10.72266, 0.0, 0.0, 24.91231, 0.0],
[2379661405, 0, -0.01154, -10.01953, 0.0, 0.0, 33.21955, 0.0],
[2400910006, 0, -0.01154, -9.05273, 0.0, 0.0, 41.50875, 0.0],
[2422665399, 0, -0.01154, -8.08594, 0.0, 0.0, 49.8105, 0.0],
[2448161863, 0, -0.01154, -6.76758, 0.0, 0.0, 66.42654, 0.0],
[2471350355, 0, -0.01154, -5.18555, 0.0, 0.0, 66.44538, 0.0],
[2492904244, 0, -0.01154, -3.51562, 0.0, 0.0, 74.73692, 0.0],
[2514877244, 0, -0.01154, -2.10938, 0.0, 0.0, 66.4391, 0.0],
[2538570976, 0, -0.01154, -0.35156, 0.0, 0.0, 74.72987, 0.0],
[2559189656, 0, -0.01154, 1.49414, 0.0, 0.0, 74.74399, 0.0],
[2583323846, 0, -0.01154, 2.98828, 0.0, 0.0, 74.75105, 0.0],
[2605914937, 0, -0.01154, 4.74609, 0.0, 0.0, 66.42654, 0.0],
[2629466219, 0, -0.01154, 6.15234, 0.0, 0.0, 66.43282, 0.0],
[2654292006, 0, -0.01154, 7.64648, 0.0, 0.0, 58.13421, 0.0],
[2683799256, 0, -0.01154, 8.70117, 0.0, 0.0, 41.49307, 0.0],
[2704469154, 0, -0.01154, 10.10742, 0.0, -0.00277, 41.53229, 0.0],
[2728919881, 0, -0.01154, 10.63477, 0.0, -0.00276, 33.18193, 0.0],
[2749486668, 0, -0.01154, 10.98633, 0.0, 0.0, 16.60036, 0.0],
[2771261789, 0, -0.01154, 11.07422, 0.0, 0.0, 8.24954, 0.0],
[2794150615, 0, -0.01154, 10.98633, 0.0, 0.0, 0.0, 0.0],
[2814997741, 0, -0.01154, 10.63477, 0.0, 0.0, -8.29313, 0.0],
[2836547303, 0, -0.01154, 10.10742, 0.0, 0.0, -24.74398, 0.0],
[2859421241, 0, -0.01154, 9.4043, 0.0, 0.0, -41.45784, 0.0],
[2884884785, 0, -0.01154, 8.26172, 0.0, 0.0, -41.47349, 0.0],
[2909901991, 0, -0.01154, 6.85547, 0.0, 0.0, -58.13421, 0.0],
[2931263388, 0, -0.01154, 5.36133, 0.0, 0.0, -66.4391, 0.0],
[2955915998, 0, -0.01154, 3.86719, 0.0, 0.0, -66.42027, 0.0],
[2977855758, 0, -0.01154, 2.10938, 0.0, 0.0, -66.44538, 0.0],
[2999664605, 0, -0.01154, 0.61523, 0.0, 0.0, -74.68753, 0.0],
[3024061846, 0, -0.01154, -0.9668, 0.0, 0.0, -74.68048, 0.0],
[3046037418, 0, -0.01154, -2.63672, 0.0, 0.0, -66.4705, 0.0],
[3071262764, 0, -0.01154, -4.13086, 0.0, 0.0, -74.75812, 0.0],
[3093829138, 0, -0.01154, -5.625, 0.0, 0.0, -58.12323, 0.0],
[3114790030, 0, -0.01154, -6.76758, 0.0, 0.0, -58.09579, 0.0],
[3140210810, 0, -0.01154, -7.73438, 0.0, 0.0, -41.51659, 0.0],
[3164173143, 0, -0.01154, -8.78906, 0.0, 0.0, -33.21955, 0.0],
[3186020218, 0, -0.01154, -9.4043, 0.0, 0.0, -24.89819, 0.0],
[3206524400, 0, -0.01154, -9.75586, 0.0, 0.0, -16.4867, 0.0],
[3230893565, 0, -0.01154, -9.93164, 0.0, 0.0, -16.47743, 0.0],
[3251507008, 0, -0.01154, -9.93164, 0.0, 0.0, 8.30803, 0.0],
[3276897800, 0, -0.01154, -9.75586, 0.0, 0.0, 7.96399, 0.0],
[3300236072, 0, -0.01154, -9.22852, 0.0, 0.0, 24.91466, 0.0],
[3321254125, 0, -0.01154, -8.61328, 0.0, 0.0, 24.91231, 0.0],
[3346735277, 0, -0.01154, -7.82227, 0.0, 0.0, 41.52444, 0.0],
[3371382640, 0, -0.01154, -6.5918, 0.0, 0.0, 49.81991, 0.0],
[3396790288, 0, -0.01154, -5.27344, 0.0, 0.0, 58.1452, 0.0],
[3421270467, 0, -0.01154, -3.86719, 0.0, 0.0, 58.13421, 0.0],
[3442826587, 0, -0.01154, -2.19727, 0.0, 0.0, 66.41399, 0.0],
[3466953987, 0, -0.01154, -0.9668, 0.0, 0.0, 66.42027, 0.0],
[3490900891, 0, -0.01151, 0.70312, 0.0, 0.0, 74.70164, 0.0],
[3512750754, 0, -0.01154, 2.37305, 0.0, 0.0, 66.47679, 0.0],
[3538130001, 0, -0.01154, 3.7793, 0.0, 0.0, 66.45166, 0.0],
[3559894469, 0, -0.01154, 5.18555, 0.0, 0.0, 66.45166, 0.0],
[3581839507, 0, -0.01154, 6.41602, 0.0, 0.0, 49.83874, 0.0],
[3603165484, 0, -0.01154, 7.38281, 2160.08789, 0.0, 49.82932, 136075.57812],
[3624177761, 0, -0.01154, 8.26172, 7200.08789, 0.0, 33.1694, 237758.28125],
[3646250817, 0, -0.01154, 8.87695, 11880.08789, 0.0, 33.19759, 237960.34375],
[3669890436, 0, -0.01154, 9.4043, 16920.08789, 0.0, 24.9076, 238050.26562],
[3693871245, 0, -0.01154, 9.75586, 22680.08789, 0.0, 8.29862, 237937.875],
[3718163249, 0, -0.01154, 9.75586, 28080.08789, 0.0, 8.30018, 237982.8125],
[3744397657, 0, -0.01154, 9.58008, 33840.08594, 0.0, -8.30175, 238027.78125],
[3766611631, 0, -0.01154, 9.14062, 39600.08594, 0.0, -16.5988, 237960.34375],
[3787933494, 0, -0.01154, 8.52539, 44640.08594, 0.0, -33.1788, 237825.57812],
[3810778666, 0, -0.01154, 7.64648, 49680.08594, 0.0, -33.11317, 237355.1875],
[3831443621, 0, -0.01154, 6.67969, 54720.08594, 0.0, -41.3564, 237154.15625],
[3855026773, 0, -0.01154, 5.625, 59400.08594, 0.0, -49.0872, 234571.35938],
[3877621601, 0, -0.01154, 4.30664, 64800.08594, 0.0, -57.88262, 237087.21875],
],
[
[49021185, 0, -0.01154, 2.10938, 1578240.0, 0.0, 0.0, 228405.6875],
[73964789, 0, -0.01154, 2.02148, 1582920.0, 0.0, -8.2994, 237960.34375],
[95215576, 0, -0.01154, 1.75781, 1588680.0, 0.0, -8.30253, 238050.26562],
[120685391, 0, -0.01154, 1.58203, 1593720.0, 0.0, -8.26195, 236886.625],
[146025540, 0, -0.01154, 1.31836, 1599480.0, 0.0, -8.30332, 238072.75],
[175820240, 0, -0.01154, 0.9668, 1605600.0, 0.0, -16.59566, 237915.42188],
[197821590, 0, -0.01154, 0.52734, 1612440.0, 0.0, -16.60193, 238005.29688],
[226487856, 0, -0.01154, 0.17578, 1617480.0, 0.0, -8.2994, 237960.34375],
[249484890, 0, -0.01154, -0.17578, 1623960.0, 0.0, -16.60821, 238095.23438],
[272528435, 0, -0.01154, -0.52734, 1629360.0, 0.0, -16.55502, 237332.82812],
[295229676, 0, -0.01154, -0.79102, 1634760.0, 0.0, -8.3041, 238095.23438],
[316281889, 0, -0.01154, -1.05469, 1640160.0, 0.0, -8.30489, 238117.73438],
[339016985, 0, -0.01154, -1.31836, 1644840.0, 0.0, -16.6035, 238027.78125],
[360960423, 0, -0.01154, -1.49414, 1650240.0, 0.0, -8.2947, 237825.57812],
[382823145, 0, -0.01154, -1.66992, 1655280.0, 0.0, -8.29705, 237892.95312],
[408322861, 0, -0.01154, -1.75781, 1660320.0, 0.0, -8.30096, 238005.29688],
[429107432, 0, -0.01154, -1.8457, 1666080.0, 0.0, -8.29783, 237915.42188],
[449656059, 0, -0.01154, -1.8457, 1670760.0, 0.0, 0.0, 237243.46875],
[474178736, 0, -0.01154, -1.8457, 1675440.0, 0.0, 0.0, 237960.34375],
[495501288, 0, -0.01154, -1.75781, 1681200.0, 0.0, 8.30018, 237982.8125],
[518101202, 0, -0.01154, -1.66992, 1685880.0, 0.0, 8.26661, 237020.3125],
[543511344, 0, -0.01154, -1.49414, 1691280.0, 0.0, 8.30253, 238050.26562],
[568103233, 0, -0.01154, -1.31836, 1697040.0, 0.0, 8.3041, 238095.23438],
[591317719, 0, -0.01154, -1.05469, 1702800.0, 0.0, 8.30096, 238005.29688],
[614042339, 0, -0.01154, -0.87891, 1708200.0, 0.0, 16.5988, 237960.34375],
[634759158, 0, -0.01154, -0.52734, 1713240.0, 0.0, 16.60036, 237982.8125],
[655403273, 0, -0.01154, -0.35156, 1718280.0, 0.0, 16.59096, 237848.04688],
[684012709, 0, -0.01154, 0.0, 1722960.0, 0.0, 16.55502, 237332.82812],
[705879654, 0, -0.01154, 0.26367, 1729440.0, 0.0, 8.30489, 238117.73438],
[726552878, 0, -0.01154, 0.52734, 1734480.0, 0.0, 8.30096, 238005.29688],
[751395671, 0, -0.01154, 0.79102, 1739160.0, 0.0, 8.29862, 237937.875],
[775428056, 0, -0.01154, 1.05469, 1744920.0, 0.0, 8.30096, 238005.29688],
[801040059, 0, -0.01154, 1.23047, 1750680.0, 0.0, 16.5988, 237960.34375],
[824873188, 0, -0.01154, 1.40625, 1756440.0, 0.0, 0.0, 238027.78125],
[850332065, 0, -0.01154, 1.49414, 1761840.0, 0.0, 0.0, 237758.28125],
[875139646, 0, -0.01154, 1.58203, 1767960.0, 0.0, 0.0, 238027.78125],
[896970845, 0, -0.01154, 1.66992, 1773720.0, 0.0, 0.0, 237848.04688],
[921499221, 0, -0.01154, 1.66992, 1778760.0, 0.0, 0.0, 235734.32812],
[944142518, 0, -0.01154, 1.58203, 1784520.0, 0.0, 0.0, 238095.23438],
[968464258, 0, -0.01154, 1.49414, 1789560.0, 0.0, -8.2994, 237960.34375],
[991405606, 0, -0.01154, 1.31836, 1795320.0, 0.0, 0.0, 237937.875],
[1016598333, 0, -0.01154, 1.23047, 1800720.0, 0.0, -8.30175, 238027.78125],
[1039692375, 0.3, -0.01154, 0.9668, 1806480.0, 0.0, -8.29157, 237735.85938],
[1065156459, 0.3, -0.01154, 0.79102, 1811880.0, 0.0, -8.30096, 238005.29688],
[1089276945, 0.3, -0.01008, -0.43945, 1817640.0, 0.07194, -74.70164, 237982.8125],
[1110183426, 0.3, -0.00179, -2.46094, 1823400.0, 0.34858, -199.18555, 237960.34375],
[1132423653, 0.3, 0.00668, -4.92188, 1828080.0, 0.41096, -190.3111, 237243.46875],
[1153557908, 0.3, 0.01617, -7.99805, 1833120.0, 0.43718, -132.81545, 238005.29688],
[1178713849, 0.3, 0.02801, -11.33789, 1838160.0, 0.53669, -124.49097, 237960.34375],
[1203465617, 0.3, 0.04462, -14.23828, 1843920.0, 0.6671, -182.69028, 238095.23438],
[1228463513, 0.3, 0.06041, -17.31445, 1849680.0, 0.61139, -107.89217, 237960.34375],
[1252452869, -0.3, 0.07333, -19.77539, 1855440.0, 0.51456, -107.89217, 237960.34375],
[1273518921, -0.3, 0.08675, -21.44531, 1860840.0, 0.58395, -99.63041, 238050.26562],
[1296185367, -0.3, -0.02104, -21.62109, 1865520.0, 0.63928, -8.26661, 237020.3125],
[1318898822, -0.3, -0.02259, -18.54492, 1870920.0, -0.0497, -41.41877, 237511.78125],
[1339631547, -0.3, -0.03176, -14.15039, 1876320.0, -0.38069, 157.24312, 237288.14062],
[1362734201, -0.3, 0.07893, -10.2832, 1881000.0, -0.47107, 98.59656, 235580.07812],
[1384566889, -0.3, 0.06858, -3.7793, 1886400.0, -0.4469, 289.65839, 237288.14062],
[1408108020, -0.3, 0.05763, 3.25195, 1891440.0, -0.48185, 287.46585, 235492.0],
[1433562391, -0.3, 0.04251, 10.63477, 1896840.0, -0.67232, 249.00545, 237982.8125],
[1454090049, 0.3, 0.0256, 18.63281, 1902600.0, -0.67791, 340.3396, 238005.29688],
[1475541011, 0.3, 0.01415, 25.13672, 1907280.0, -0.53121, 323.70709, 237982.8125],
[1496165262, 0.3, 0.00524, 31.28906, 1912320.0, -0.40114, 265.58075, 237960.34375],
[1521718108, 0.3, 0.00644, 33.83789, 1917000.0, 0.10239, 107.92274, 238027.78125],
[1545282855, 0.3, 0.01377, 32.95898, 1922760.0, 0.30437, -58.10676, 238005.29688],
[1565817447, 0.3, 0.02414, 29.17969, 1928160.0, 0.43991, -157.70344, 237982.8125],
[1587834537, 0.3, 0.03703, 26.19141, 1932840.0, 0.61753, -140.59854, 237131.82812],
[1608786434, 0.3, 0.05194, 22.32422, 1937880.0, 0.68621, -166.01932, 238005.29688],
[1630291895, 0.3, 0.06489, 18.7207, 1942920.0, 0.60303, -190.86813, 237937.875],
[1651003571, -0.3, 0.07632, 12.56836, 1947960.0, 0.51476, -282.28616, 238050.26562],
[1671911673, -0.3, -0.03108, 7.99805, 1952640.0, 0.63093, -232.449, 238027.78125],
[1695664206, -0.3, -0.01881, 4.48242, 1957320.0, 0.6254, -157.73325, 238027.78125],
[1720520876, -0.3, -0.02065, 4.39453, 1962720.0, -0.13834, 0.0, 237982.8125],
[1750400003, -0.3, -0.03185, 5.36133, 1968840.0, -0.43425, 116.16964, 237915.42188],
[1772353319, -0.3, 0.0743, 6.5918, 1975680.0, -0.46771, 91.32787, 238050.26562],
[1792955385, -0.3, 0.06419, 8.34961, 1980720.0, -0.46148, 99.48006, 237691.0],
[1817365741, -0.3, 0.0525, 11.33789, 1985400.0, -0.56707, 215.76398, 237937.875],
[1839114426, -0.3, 0.03524, 13.35938, 1991160.0, -0.70275, 74.70164, 237982.8125],
[1864629536, 0, 0.02106, 13.88672, 1996200.0, -0.66527, -41.40706, 237444.65625],
[1886310913, 0, 0.00814, 15.20508, 2001960.0, -0.51199, 41.51267, 238050.26562],
[1906904392, 0, -0.00352, 16.34766, 2007000.0, -0.5452, 83.02534, 238050.26562],
[1929061861, 0, -0.01462, 16.875, 2011680.0, -0.56285, 31.5614, 226232.15625],
[1952437214, 0, -0.02575, 14.23828, 2017080.0, -0.44817, -157.68857, 237960.34375],
[1977908592, 0, 0.08634, 12.30469, 2022480.0, 11.02645, -99.6116, 238005.29688],
[2003466251, 0, 0.08074, 9.14062, 2028240.0, -0.21017, -149.33276, 237870.48438],
[2028946359, 0, 0.07743, 5.97656, 2034000.0, -0.13827, -99.55518, 237870.48438],
[2054549547, 0, 0.07553, 0.70312, 2039760.0, -0.06641, -257.32993, 238005.29688],
[2077347686, 0, 0.0748, -4.39453, 2045880.0, -0.02767, -199.20436, 237982.8125],
[2098511284, 0, 0.07477, -7.91016, 2050920.0, -0.00277, -182.604, 237982.8125],
[2122576687, 0, 0.07477, -11.33789, 2055960.0, 0.0, -190.90419, 237982.8125],
[2145214104, 0, 0.07477, -15.73242, 2061360.0, 0.0, -182.55229, 237915.42188],
[2166318895, 0, 0.07477, -18.98438, 2066760.0, 0.0, -132.37785, 237221.125],
[2188050392, 0, 0.07477, -20.91797, 2071800.0, 0.0, -115.09389, 235712.28125],
[2212140796, 0, 0.07477, -22.67578, 2076480.0, 0.0, -82.1331, 235492.0],
[2234538745, 0, 0.07477, -25.04883, 2082240.0, 0.0, -124.54977, 238072.75],
[2256756402, 0, 0.07477, -26.36719, 2087280.0, 0.0, -49.8105, 238027.78125],
[2278052561, 0, 0.07477, -26.54297, 2092320.0, 0.0, 0.0, 238005.29688],
[2298951195, 0, 0.07477, -26.10352, 2097360.0, 0.0, 8.30489, 238117.73438],
[2324337690, 0, 0.07477, -26.19141, 2102040.0, 0.0, -16.60664, 238072.75],
[2346396168, 0, 0.07477, -25.57617, 2108160.0, 0.0, 41.50875, 238027.78125],
[2372067462, 0, 0.07477, -23.99414, 2113200.0, 0.0, 74.62412, 237735.85938],
[2395364506, 0, 0.07477, -21.00586, 2119320.0, 0.0, 132.84055, 238050.26562],
[2418012464, 0, 0.07477, -19.33594, 2124360.0, 0.0, 41.1473, 235955.0625],
[2439834551, 0, 0.07477, -16.25977, 2129760.0, 0.0, 141.15642, 238072.75],
[2460420236, 0, 0.07477, -12.74414, 2134800.0, 0.0, 182.56952, 237937.875],
[2482776810, 0, 0.07477, -9.75586, 2139480.0, -0.00262, 181.08791, 225745.78125],
[2503429809, 0, 0.07477, -5.88867, 2144520.0, -0.00274, 188.90611, 235492.0],
[2528725450, 0, 0.07477, -2.10938, 2149200.0, 0.0, 189.10051, 235734.32812],
[2552404467, 0, 0.07477, 2.54883, 2155320.0, 0.0, 190.94025, 238027.78125],
[2572998634, 0, 0.07477, 7.38281, 2160720.0, 0.0, 199.26082, 238050.26562],
[2594747194, 0, 0.07477, 11.33789, 2165400.0, 0.0, 182.53505, 237892.95312],
[2615776714, 0, 0.07477, 15.11719, 2170440.0, 0.0, 174.32028, 238005.29688],
[2639000264, 0, 0.07477, 18.63281, 2175120.0, 0.0, 165.92529, 237870.48438],
[2662889129, 0, 0.07477, 22.32422, 2180520.0, 0.0, 149.36096, 237915.42188],
[2687790553, 0, 0.07477, 25.13672, 2185920.0, 0.00276, 124.44396, 237870.48438],
[2711837847, 0, 0.07477, 27.59766, 2191680.0, 0.0, 99.66808, 238140.23438],
[2732890824, 0, 0.07477, 29.0918, 2197080.0, 0.0, 66.41399, 238027.78125],
[2754012674, 0, 0.07477, 29.9707, 2202120.0, 0.0, 41.48915, 237915.42188],
[2775376632, 0, 0.07474, 30.14648, 2207160.0, 0.0, 0.0, 237915.42188],
[2798649386, 0, 0.07477, 29.70703, 2211840.0, 0.0, -24.9029, 238005.29688],
[2819184780, 0, 0.07477, 28.74023, 2217240.0, 0.0, -49.8152, 238050.26562],
[2841171064, 0, 0.07477, 27.24609, 2221920.0, 0.0, -74.71575, 238027.78125],
[2864189660, 0, 0.07477, 24.96094, 2226960.0, 0.0, -107.88199, 237937.875],
[2887185523, 0, 0.07477, 22.06055, 2232360.0, 0.0, -124.53802, 238050.26562],
[2909668972, 0, 0.07477, 18.80859, 2237760.0, 0.0, -141.15642, 238072.75],
[2935233424, 0, 0.07477, 15.20508, 2242800.0, 0.0, -157.74814, 238050.26562],
[2955825053, 0, 0.07477, 10.54688, 2248920.0, 0.0, -174.30382, 237982.8125],
[2978697095, 0, 0.07477, 6.85547, 2253600.0, 0.0, -189.2953, 235977.14062],
[3004174111, 0, 0.07477, 2.46094, 2259000.0, 0.0, -190.22154, 237131.82812],
[3028792785, 0, 0.07477, -2.19727, 2264760.0, 0.0, -174.32028, 238005.29688],
[3049448153, 0, 0.07477, -6.5918, 2270520.0, 0.0, -174.32028, 238005.29688],
[3071448346, 0, 0.07477, -9.93164, 2275200.0, 0.0, -157.71835, 238005.29688],
[3095298134, 0, 0.07477, -13.0957, 2280240.0, 0.0, -149.4315, 238027.78125],
[3115869119, 0, 0.07477, -16.25977, 2285640.0, 0.0, -141.11642, 238005.29688],
[3136656383, 0, 0.07474, -18.63281, 2290320.0, 0.00277, -124.49097, 237960.34375],
[3159342593, 0, 0.07477, -20.83008, 2295360.0, 0.0, -91.31062, 238005.29688],
[3183527062, 0, 0.07477, -22.41211, 2300400.0, 0.0, -74.69458, 237960.34375],
[3204517251, 0, 0.07477, -23.81836, 2306160.0, 0.00277, -58.11225, 238027.78125],
[3228753793, 0, 0.07477, -24.52148, 2310840.0, 0.0, -33.12565, 237444.65625],
[3249660984, 0, 0.07477, -24.78516, 2316600.0, 0.0, -8.29783, 237915.42188],
[3270872071, 0, 0.07477, -24.60938, 2321280.0, 0.0, 0.0, 235778.45312],
[3296281773, 0, 0.07477, -23.99414, 2326320.0, 0.0, 24.81851, 237198.78125],
[3318513235, 0, 0.07477, -22.67578, 2332080.0, 0.0, 58.12323, 238072.75],
[3339094830, 0, 0.07477, -21.09375, 2337120.0, 0.0, 74.66638, 237870.48438],
[3359864704, 0, 0.07477, -19.07227, 2342160.0, 0.0, 99.58337, 237937.875],
[3382335090, 0, 0.07477, -16.78711, 2346840.0, -0.00263, 110.46492, 226232.15625],
[3405236637, 0, 0.07477, -14.23828, 2351880.0, 0.0, 115.2448, 236021.35938],
[3430789769, 0, 0.07477, -10.89844, 2357280.0, 0.0, 141.14308, 238050.26562],
[3454445036, 0, 0.07474, -6.94336, 2363040.0, 0.0, 149.34685, 237892.95312],
[3478915715, 0, 0.07477, -3.07617, 2368440.0, 0.00276, 165.92529, 237870.48438],
[3503277680, 0, 0.07477, 1.23047, 2374200.0, 0.0, 174.20511, 237848.04688],
[3528676722, 0, 0.07477, 5.53711, 2379960.0, -0.00277, 174.25444, 237915.42188],
[3554234701, 0, 0.07477, 9.84375, 2385720.0, 0.0, 174.32028, 238005.29688],
[3578744727, 0, 0.07477, 14.15039, 2391840.0, 0.0, 166.00363, 237982.8125],
[3603274157, 0, 0.07477, 17.57812, 2397240.0, 0.0, 141.12975, 238027.78125],
[3627363222, 0, 0.07477, 20.74219, 2403000.0, 0.0, 124.49097, 237960.34375],
[3649821967, 0, 0.07477, 23.29102, 2408400.0, 0.0, 99.58337, 237937.875],
[3673920249, 0, 0.07474, 25.13672, 2413800.0, 0.0, 82.97047, 237892.95312],
[3695640077, 0, 0.07477, 26.36719, 2419200.0, 0.0, 57.92622, 237265.79688],
[3716932143, 0, 0.07477, 26.98242, 2424240.0, 0.0, 32.70045, 234396.79688],
[3738218197, 0, 0.07477, 26.89453, 2429280.0, 0.0, 0.0, 235690.23438],
[3760200882, 0, 0.07477, 26.36719, 2433960.0, 0.0, -24.61922, 235294.125],
[3782774837, 0, 0.07477, 25.3125, 2439000.0, 0.0, -41.38756, 237332.82812],
[3806867326, 0, 0.07477, 23.64258, 2444040.0, 0.0, -82.68946, 237087.21875],
[3832339668, 0, 0.07477, 21.18164, 2449800.0, 0.0, -107.95334, 238095.23438],
[3857952729, 0, 0.07477, 18.19336, 2455560.0, 0.0, -132.85309, 238072.75],
],
[
[52556308, 0, 0.02701, -0.61523, 9517680.0, 0.0, 0.0, 0.0],
[75368675, 0, 0.02701, -0.61523, 9517680.0, 0.0, 0.0, 0.0],
[96415345, 0, 0.02701, -0.61523, 9517680.0, 0.0, 0.0, 0.0],
[120286500, 0, 0.02701, -0.61523, 9517680.0, 0.0, 0.0, 0.0],
[144640181, 0, 0.02701, -0.61523, 9517680.0, 0.0, 0.0, 0.0],
[170142201, 0, 0.02701, -0.61523, 9517680.0, 0.0, 0.0, 0.0],
[190878297, 0, 0.02701, -0.61523, 9517680.0, 0.0, 0.0, 0.0],
[213377139, 0, 0.02701, -0.61523, 9517680.0, 0.0, 0.0, 0.0],
[242548123, 0, 0.02701, -0.61523, 9517680.0, 0.0, 0.0, 0.0],
[271903641, 0, 0.02701, -0.61523, 9517680.0, 0.0, 0.0, 0.0],
[294521712, 0, 0.02701, -0.61523, 9517680.0, 0.0, 0.0, 0.0],
[318189224, 0, 0.02701, -0.61523, 9517680.0, 0.0, 0.0, 0.0],
[341052739, 0, 0.02701, -0.61523, 9517680.0, 0.0, 0.0, 0.0],
[362093910, 0, 0.02701, -0.61523, 9517680.0, 0.0, 0.0, 0.0],
[386735460, 0, 0.02701, -0.61523, 9517680.0, 0.0, 0.0, 0.0],
[411428749, 0, 0.02701, -0.61523, 9517680.0, 0.0, 0.0, 0.0],
[437032232, 0, 0.02701, -0.61523, 9517680.0, 0.0, 0.0, 0.0],
[460724934, 0, 0.02701, -0.61523, 9517680.0, 0.0, 0.0, 0.0],
[486368685, 0, 0.02701, -0.61523, 9517680.0, 0.0, 0.0, 0.0],
[510047939, 0, 0.02701, -0.61523, 9517680.0, 0.0, 0.0, 0.0],
[535770834, 0, 0.02701, -0.61523, 9517680.0, 0.0, 0.0, 0.0],
[560449429, 0, 0.02701, -0.61523, 9517680.0, 0.0, 0.0, 0.0],
[583567869, 0, 0.02701, -0.61523, 9517680.0, 0.0, 0.0, 0.0],
[605516515, 0, 0.02701, -0.61523, 9517680.0, 0.0, 0.0, 0.0],
[630471963, 0, 0.02701, -0.61523, 9517680.0, 0.0, 0.0, 0.0],
[653475772, 0, 0.02701, -0.61523, 9517680.0, 0.0, 0.0, 0.0],
[677439186, 0, 0.02701, -0.61523, 9517680.0, 0.0, 0.0, 0.0],
[702122399, 0, 0.02701, -0.61523, 9517680.0, 0.0, 0.0, 0.0],
[724929570, 0, 0.02701, -0.61523, 9517680.0, 0.0, 0.0, 0.0],
[747295119, 0, 0.02701, -0.61523, 9517680.0, 0.0, 0.0, 0.0],
[770078681, 0, 0.02701, -0.61523, 9517680.0, 0.0, 0.0, 0.0],
[794668833, 0, 0.02701, -0.61523, 9517680.0, 0.0, 0.0, 0.0],
[820106067, 0, 0.02701, -0.61523, 9517680.0, 0.0, 0.0, 0.0],
[843882409, 0, 0.02701, -0.61523, 9517680.0, 0.0, 0.0, 0.0],
[864626988, 0, 0.02701, -0.61523, 9517680.0, 0.0, 0.0, 0.0],
[888261163, 0, 0.02701, -0.61523, 9517680.0, 0.0, 0.0, 0.0],
[909110963, 0, 0.02701, -0.61523, 9517680.0, 0.0, 0.0, 0.0],
[932560949, 0, 0.02701, -0.61523, 9517680.0, 0.0, 0.0, 0.0],
[958006120, 0, 0.02701, -0.61523, 9517680.0, 0.0, 0.0, 0.0],
[979652896, 0, 0.02701, -0.61523, 9517680.0, 0.0, 0.0, 0.0],
[1005098260, 0, 0.02701, -0.61523, 9517680.0, 0.0, 0.0, 0.0],
[1027517964, 0.4, 0.02701, -0.61523, 9517680.0, 0.0, 0.0, 0.0],
[1049570985, 0.4, 0.02701, -0.61523, 9517680.0, 0.0, 0.0, 0.0],
[1072268283, 0.4, 0.02944, -1.49414, 9517680.0, 0.06083, -41.47349, 0.0],
[1097884015, 0.4, 0.04052, -3.60352, 9517680.0, 0.44519, -157.61415, 0.0],
[1120267620, 0.4, 0.05733, -7.64648, 9517680.0, 0.68898, -182.62125, 0.0],
[1144199132, 0.4, 0.07204, -11.60156, 9517680.0, 0.62552, -182.673, 0.0],
[1165089820, 0.4, -0.03067, -15.46875, 9517680.0, 0.73318, -174.30382, 0.0],
[1187678184, 0.4, -0.0116, -18.54492, 9517680.0, 0.95756, -174.35323, 0.0],
[1210595040, 0.4, 0.00694, -21.88477, 9517680.0, 0.79958, -124.50272, 0.0],
[1234389368, -0.4, 0.02238, -24.69727, 9517680.0, 0.68621, -91.31062, 0.0],
[1259354716, -0.4, 0.04529, -26.98242, 9517680.0, 0.92184, -74.74399, 0.0],
[1280976113, -0.4, 0.06305, -26.89453, 9517680.0, 0.57011, 91.32787, 0.0],
[1304047701, -0.4, 0.06182, -23.81836, 9517680.0, -0.13838, 224.16841, 0.0],
[1327462233, -0.4, 0.05144, -17.92969, 9517680.0, -0.49524, 323.70709, 0.0],
[1352175330, -0.4, 0.03519, -12.74414, 9517680.0, -0.75248, 290.47891, 0.0],
[1374023841, -0.4, 0.01676, -2.72461, 9517680.0, -0.75808, 356.90784, 0.0],
[1394763885, -0.4, 0.00231, 6.50391, 9517680.0, -0.6451, 396.98407, 0.0],
[1419669725, -0.4, -0.01682, 16.61133, 9517680.0, -0.87086, 447.87143, 0.0],
[1444051352, 0.4, 0.08054, 26.45508, 9517680.0, 10.51122, 465.0737, 0.0],
[1465858227, 0.4, 0.06425, 35.77148, 9517680.0, -0.68364, 390.25598, 0.0],
[1486622023, 0.4, 0.04755, 44.47266, 9517680.0, -0.79704, 431.73178, 0.0],
[1507392602, 0.4, 0.04626, 48.16406, 9517680.0, 0.08578, 116.2245, 0.0],
[1532075330, 0.4, 0.05496, 47.90039, 9517680.0, 0.47878, -16.60507, 0.0],
[1554479849, 0.4, 0.06902, 44.20898, 9517680.0, 0.57277, -141.11642, 0.0],
[1579910216, 0.4, 0.08323, 40.69336, 9517680.0, 0.65307, -166.03499, 0.0],
[1600561129, 0.4, -0.01403, 36.82617, 9517680.0, 0.9381, -141.12975, 0.0],
[1622734482, 0.4, 0.00454, 31.02539, 9517680.0, 0.87791, -256.74796, 0.0],
[1644694070, -0.4, 0.02019, 23.37891, 9517680.0, 0.70628, -405.55991, 0.0],
[1670143259, -0.4, 0.04037, 16.43555, 9517680.0, 0.9188, -322.823, 0.0],
[1691969007, -0.4, 0.06003, 10.19531, 9517680.0, 0.59485, -182.604, 0.0],
[1716925855, -0.4, 0.05912, 8.87695, 9517680.0, -0.13836, -16.6035, 0.0],
[1738345122, -0.4, 0.04685, 8.87695, 9517680.0, -0.5452, 124.53802, 0.0],
[1760501302, -0.4, 0.03015, 10.45898, 9517680.0, -0.77767, 107.93294, 0.0],
[1785820190, -0.4, 0.01468, 12.91992, 9517680.0, -0.71112, 116.21352, 0.0],
[1809900424, -0.4, -0.00396, 16.78711, 9517680.0, -0.67534, 215.88628, 0.0],
[1832717833, 0, -0.0264, 17.57812, 9517680.0, -1.01005, 0.0, 0.0],
[1857846358, 0, 0.07453, 19.77539, 9517680.0, -0.74978, 74.70164, 0.0],
[1882733907, 0, 0.05763, 20.74219, 9517680.0, -0.66402, 41.50091, 0.0],
[1907612482, 0, 0.03864, 21.26953, 9517680.0, -0.76682, 66.4391, 0.0],
[1928167917, 0, 0.02312, 18.80859, 9517680.0, -0.57027, -149.48798, 0.0],
[1953143421, 0, 0.0145, 16.875, 9517680.0, -0.39572, -107.92274, 0.0],
[1974922588, 0, 0.00648, 12.83203, 9517680.0, -0.31559, -141.18309, 0.0],
[1996069226, 0, 0.00023, 8.87695, 9517680.0, -0.28511, -157.77795, 0.0],
[2020105871, 0, -0.00519, 4.04297, 9517680.0, -0.24631, -348.70645, 0.0],
[2042175498, 0, -0.00964, -0.87891, 9517680.0, -0.18819, -224.16841, 0.0],
[2066592004, 0, -0.01225, -5.88867, 9517680.0, -0.11617, -240.6371, 0.0],
[2091379941, 0, -0.01389, -10.81055, 9517680.0, -0.06918, -232.42705, 0.0],
[2112228155, 0, -0.01438, -17.22656, 9517680.0, -0.01107, -265.65598, 0.0],
[2132894266, 0, -0.01436, -21.35742, 9517680.0, 0.0, -199.26082, 0.0],
[2155878291, 0, -0.01436, -24.78516, 9517680.0, 0.0, -181.41293, 0.0],
[2177661747, 0, -0.01436, -27.68555, 9517680.0, 0.0, -141.10309, 0.0],
[2199226841, 0, -0.01436, -30.67383, 9517680.0, 0.0, -149.37506, 0.0],
[2220070332, 0, -0.01436, -33.31055, 9517680.0, 0.0, -99.621, 0.0],
[2240828314, 0, -0.01436, -34.62891, 9517680.0, 0.0, -71.24342, 0.0],
[2261374066, 0, -0.01436, -34.80469, 9517680.0, 0.0, 8.22792, 0.0],
[2286847537, 0, -0.01436, -35.24414, 9517680.0, 0.0, -24.67913, 0.0],
[2308961939, 0, -0.01436, -35.50781, 9517680.0, 0.0, 16.60821, 0.0],
[2334548842, 0, -0.01436, -34.54102, 9517680.0, 0.0, 49.79639, 0.0],
[2355417612, 0, -0.01436, -31.99219, 9517680.0, 0.0, 107.91255, 0.0],
[2378047110, 0, -0.01436, -30.23438, 9517680.0, 0.0, 82.99398, 0.0],
[2400352515, 0, -0.01436, -27.42188, 9517680.0, 0.0, 141.02319, 0.0],
[2420932134, 0, -0.01436, -24.08203, 9517680.0, 0.0, 157.62903, 0.0],
[2443825998, 0, -0.01436, -19.77539, 9517680.0, 0.0, 215.80472, 0.0],
[2469301404, 0, -0.01436, -15.64453, 9517680.0, 0.0, 174.18868, 0.0],
[2491459753, 0, -0.01436, -9.66797, 9517680.0, 0.0, 240.75075, 0.0],
[2516839135, 0, -0.01436, -4.57031, 9517680.0, 0.0, 249.05249, 0.0],
[2537776806, 0, -0.01436, 2.10938, 9517680.0, 0.0, 273.82843, 0.0],
[2559008067, 0, -0.01436, 8.08594, 9517680.0, 0.0, 282.23285, 0.0],
[2584491211, 0, -0.01436, 13.35938, 9517680.0, 0.0, 240.77348, 0.0],
[2606094155, 0, -0.01436, 19.6875, 9517680.0, 0.0, 248.98193, 0.0],
[2630936550, 0, -0.01436, 24.96094, 9517680.0, 0.0, 248.53604, 0.0],
[2656423814, 0, -0.01436, 30.32227, 9517680.0, 0.0, 199.26082, 0.0],
[2678811324, 0, -0.01436, 34.7168, 9517680.0, 0.0, 174.41911, 0.0],
[2704259966, 0, -0.01436, 37.88086, 9517680.0, 0.0, 141.12975, 0.0],
[2726130819, 0, -0.01436, 40.3418, 9517680.0, 0.0, 99.6116, 0.0],
[2748366896, 0, -0.01436, 41.66016, 9517680.0, 0.0, 58.0903, 0.0],
[2771063223, 0, -0.01436, 42.09961, 9517680.0, 0.0, 24.9029, 0.0],
[2792523542, 0, -0.01436, 41.66016, 9517680.0, 0.0, -16.49754, 0.0],
[2814787108, 0, -0.01436, 40.42969, 9517680.0, 0.0, -49.18793, 0.0],
[2835475989, 0, -0.01436, 38.32031, 9517680.0, 0.0, -89.75092, 0.0],
[2859006950, 0, -0.01436, 35.5957, 9517680.0, 0.0, -130.58316, 0.0],
[2880632745, 0, -0.01436, 31.81641, 9517680.0, 0.0, -157.12476, 0.0],
[2902039794, 0, -0.01436, 27.59766, 9517680.0, 0.0, -189.34848, 0.0],
[2923866544, 0, -0.01436, 22.93945, 9517680.0, 0.0, -213.6259, 0.0],
[2946663740, 0, -0.01436, 17.66602, 9517680.0, 0.0, -238.11923, 0.0],
[2967404929, 0, -0.01436, 12.2168, 9517680.0, 0.0, -254.92229, 0.0],
[2991804519, 0, -0.01436, 6.5918, 9517680.0, 0.0, -263.1702, 0.0],
[3016471083, 0, -0.01436, 0.52734, 9517680.0, 0.0, -257.47583, 0.0],
[3039317446, 0, -0.01436, -5.71289, 9517680.0, 0.0, -249.02896, 0.0],
[3061056535, 0, -0.01436, -11.16211, 9517680.0, 0.0, -232.47096, 0.0],
[3084413194, 0, -0.01436, -15.73242, 9517680.0, 0.0, -215.84549, 0.0],
[3107813095, 0, -0.01436, -20.21484, 9517680.0, 0.0, -190.90419, 0.0],
[3128512327, 0, -0.01436, -23.99414, 9517680.0, 0.0, -157.59927, 0.0],
[3151008066, 0, -0.01436, -26.89453, 9517680.0, 0.0, -140.59854, 0.0],
[3176499083, 0, -0.01436, -29.53125, 9517680.0, 0.0, -116.19157, 0.0],
[3197295273, 0, -0.01436, -31.72852, 9517680.0, 0.0, -83.03318, 0.0],
[3221602077, 0, -0.01436, -32.95898, 9517680.0, 0.0, -49.8105, 0.0],
[3246731928, 0, -0.01436, -33.66211, 9517680.0, 0.0, -24.90525, 0.0],
[3270173715, 0, -0.01436, -33.57422, 9517680.0, 0.0, 8.30096, 0.0],
[3291176388, 0, -0.01436, -32.87109, 9517680.0, 0.0, 33.207, 0.0],
[3316726737, 0, -0.01436, -31.72852, 9517680.0, 0.0, 58.01908, 0.0],
[3339865619, 0, -0.01436, -29.35547, 9517680.0, 0.0, 99.66808, 0.0],
[3362298859, 0, -0.01436, -26.63086, 9517680.0, 0.0, 116.21352, 0.0],
[3386994958, 0, -0.01436, -23.55469, 9517680.0, 0.0, 141.14308, 0.0],
[3411994135, 0, -0.01436, -19.51172, 9517680.0, 0.0, 166.01932, 0.0],
[3436575989, 0, -0.01436, -14.67773, 9517680.0, 0.0, 190.86813, 0.0],
[3459410401, 0, -0.01436, -9.49219, 9517680.0, 0.0, 224.18959, 0.0],
[3484912527, 0, -0.01436, -4.48242, 9517680.0, 0.0, 232.42705, 0.0],
[3506088853, 0, -0.01436, 1.58203, 9517680.0, 0.0, 240.59166, 0.0],
[3530791123, 0, -0.01436, 7.03125, 9517680.0, 0.0, 249.12309, 0.0],
[3551902218, 0, -0.01436, 13.0957, 9517680.0, 0.0, 248.79401, 0.0],
[3572644394, 0, -0.01436, 17.8418, 9517680.0, 0.0, 238.16371, 0.0],
[3607770153, 0, -0.01436, 22.76367, 9517680.0, 0.0, 223.45073, 0.0],
[3633634191, 0, -0.01436, 29.53125, 9517680.0, 0.0, 174.38617, 0.0],
[3661502557, 0, -0.01436, 33.31055, 9517680.0, 0.0, 149.4456, 0.0],
[3688386218, 0, -0.01436, 36.38672, 9517680.0, 0.0, 107.89217, 0.0],
[3711616330, 0, -0.01436, 38.32031, 9517680.0, 0.0, 58.12872, 0.0],
[3737087462, 0, -0.01436, 38.84766, 9517680.0, 0.0, 24.89349, 0.0],
[3762078072, 0, -0.01436, 38.49609, 9517680.0, 0.0, -24.91937, 0.0],
[3786556490, 0, -0.01436, 37.08984, 9517680.0, 0.0, -58.09579, 0.0],
[3810821825, 0, -0.01436, 34.7168, 9517680.0, 0.0, -91.29338, 0.0],
[3832662185, 0, -0.01436, 31.81641, 9517680.0, 0.0, -124.42048, 0.0],
[3853363392, 0, -0.01436, 28.30078, 9517680.0, 0.0, -157.28755, 0.0],
],
[
[54124838, 0, 0.0, 0.08789, 578160.0, 0.0, 0.0, 0.0],
[74764250, 0, 0.0, 0.0, 578160.0, 0.0, 0.0, 0.0],
[95357623, 0, 0.0, 0.08789, 578160.0, 0.0, 8.30332, 0.0],
[116317187, 0, 0.0, 0.08789, 578160.0, 0.0, 8.30489, 0.0],
[138237745, 0, 0.0, 0.0, 578160.0, 0.0, 8.30567, 0.0],
[164213988, 0, 0.0, 0.08789, 578160.0, 0.0, 8.30803, 0.0],
[185628141, 0, 0.0, 0.0, 578160.0, 0.0, 8.30724, 0.0],
[210053251, 0, 0.0, 0.08789, 578160.0, 0.0, 0.0, 0.0],
[232260966, 0, 0.0, 0.0, 578160.0, 0.0, 0.0, 0.0],
[258620072, 0, 0.0, 0.0, 578160.0, 0.0, 8.29079, 0.0],
[284972641, 0, 0.0, 0.08789, 578160.0, 0.0, 8.30881, 0.0],
[311334468, 0, 0.0, 0.0, 578160.0, 0.0, 0.0, 0.0],
[334369466, 0, 0.0, 0.0, 578160.0, 0.0, 8.30881, 0.0],
[358138538, 0, 0.0, 0.0, 578160.0, 0.0, -8.30332, 0.0],
[383439650, 0, 0.0, 0.0, 578160.0, 0.0, -8.3041, 0.0],
[406381066, 0, 0.0, 0.0, 578160.0, 0.0, 0.0, 0.0],
[431749200, 0, 0.0, 0.08789, 578160.0, 0.0, 8.30803, 0.0],
[454443993, 0, 0.0, 0.0, 578160.0, 0.0, 8.30567, 0.0],
[475658539, 0, 0.0, 0.0, 578160.0, 0.0, 8.30803, 0.0],
[498156363, 0, 0.0, 0.0, 578160.0, 0.0, 0.0, 0.0],
[524483866, 0, 0.0, 0.08789, 578160.0, 0.0, -8.30803, 0.0],
[546685334, 0, 0.0, 0.08789, 578160.0, 0.0, 0.0, 0.0],
[571603851, 0, 0.0, 0.0, 578160.0, 0.0, 0.0, 0.0],
[593032688, 0, 0.0, 0.0, 578160.0, 0.0, 0.0, 0.0],
[619158818, 0, 0.0, 0.0, 578160.0, 0.0, -8.3041, 0.0],
[642090878, 0, 0.0, 0.08789, 578160.0, 0.0, 8.30881, 0.0],
[664501229, 0, 0.0, 0.0, 578160.0, 0.0, 0.0, 0.0],
[686257709, 0, 0.0, 0.08789, 578160.0, 0.0, 0.0, 0.0],
[710709516, 0, 0.0, 0.08789, 578160.0, 0.0, 0.0, 0.0],
[732864239, 0, 0.0, 0.0, 578160.0, 0.0, 0.0, 0.0],
[755488262, 0, 0.0, 0.08789, 578160.0, 0.0, 8.30567, 0.0],
[781146233, 0, 0.0, 0.0, 578160.0, 0.0, -8.3041, 0.0],
[803829021, 0, 0.0, 0.0, 578160.0, 0.0, 0.0, 0.0],
[830081826, 0, 0.0, 0.0, 578160.0, 0.0, 8.31117, 0.0],
[851228447, 0, 0.0, 0.0, 578160.0, 0.0, 0.0, 0.0],
[873760198, 0, 0.0, 0.08789, 578160.0, 0.0, 8.30803, 0.0],
[896127959, 0, 0.0, 0.08789, 578160.0, 0.0, -8.30253, 0.0],
[919347848, 0, 0.0, 0.0, 578160.0, 0.0, 0.0, 0.0],
[941659556, 0, 0.0, 0.08789, 578160.0, 0.0, 0.0, 0.0],
[967951166, 0, 0.0, 0.08789, 578160.0, 0.0, 8.30803, 0.0],
[991003211, 0, 0.0, 0.0, 578160.0, 0.0, 8.3096, 0.0],
[1014112133, 0, 0.0, 0.08789, 578160.0, 0.0, 8.30646, 0.0],
[1035523393, 0.5, 0.0, 0.0, 578160.0, 0.0, -8.30567, 0.0],
[1061849288, 0.5, 0.0, 0.0, 578160.0, 0.0, 0.0, 0.0],
[1084662196, 0.5, 0.00319, -1.40625, 578160.0, 0.11628, -91.3624, 0.0],
[1111048905, 0.5, 0.01438, -4.48242, 578160.0, 0.50879, -290.34183, 0.0],
[1134618432, 0.5, -0.08165, -10.45898, 578160.0, 0.99907, -224.16841, 0.0],
[1157424659, 0.5, -0.06085, -14.94141, 578160.0, 0.84124, -199.24199, 0.0],
[1183327038, 0.5, -0.04028, -19.6875, 578160.0, 0.91345, -207.60257, 0.0],
[1204789644, 0.5, -0.01099, -24.08203, 578160.0, 1.15427, -265.73129, 0.0],
[1231170343, 0.5, 0.00844, -28.21289, 578160.0, 0.89372, -182.05383, 0.0],
[1254846096, -0.5, -0.08133, -31.9043, 578160.0, 1.23454, -141.16975, 0.0],
[1280776720, -0.5, -0.05792, -33.75, 578160.0, 0.94336, -82.99398, 0.0],
[1302292819, -0.5, -0.0397, -33.75, 578160.0, 0.79151, 0.0, 0.0],
[1328697889, -0.5, -0.04398, -30.32227, 578160.0, -0.15486, 215.70288, 0.0],
[1354447495, -0.5, -0.05851, -22.76367, 578160.0, -0.5923, 282.31284, 0.0],
[1381138082, -0.5, -0.07898, -13.62305, 578160.0, -0.8607, 365.31149, 0.0],
[1404539914, -0.5, 0.01245, -1.40625, 578160.0, -1.1566, 464.8541, 0.0],
[1431010229, -0.5, -0.00756, 11.60156, 578160.0, -0.86395, 523.35632, 0.0],
[1454827537, 0.5, -0.03861, 24.96094, 578160.0, -1.21171, 547.76025, 0.0],
[1481061785, 0.5, -0.06138, 37.00195, 578160.0, -0.96801, 504.69058, 0.0],
[1504672114, 0.5, -0.08291, 49.13086, 578160.0, -0.76121, 481.63794, 0.0],
[1529046681, 0.5, -0.07945, 52.4707, 578160.0, 0.2297, 141.14308, 0.0],
[1555422122, 0.5, -0.06442, 50.88867, 578160.0, 0.62269, -83.02534, 0.0],
[1577398287, 0.5, -0.045, 48.25195, 578160.0, 0.79181, -116.27941, 0.0],
[1603567636, 0.5, -0.02159, 45.52734, 578160.0, 1.12052, -74.70164, 0.0],
[1628233351, 0.5, 0.00375, 39.81445, 578160.0, 0.93551, -232.49292, 0.0],
[1649425737, -0.5, -0.08953, 31.37695, 578160.0, 1.04078, -381.98874, 0.0],
[1670808674, -0.5, -0.06621, 24.87305, 578160.0, 1.2134, -328.68594, 0.0],
[1693114914, -0.5, -0.04972, 18.89648, 578160.0, 0.85851, -314.69366, 0.0],
[1718899712, -0.5, -0.05077, 18.98438, 578160.0, 0.02207, -57.93168, 0.0],
[1743085369, -0.5, -0.06284, 20.03906, 578160.0, -0.55089, 132.8782, 0.0],
[1769100919, -0.5, -0.0847, 23.99414, 578160.0, -0.90204, 132.81545, 0.0],
[1790557126, -0.5, 0.00949, 27.77344, 578160.0, 10.23469, 149.29048, 0.0],
[1814769826, -0.5, -0.00952, 31.46484, 578160.0, -0.82673, 197.10101, 0.0],
[1836217806, -0.5, -0.03644, 33.39844, 578160.0, -1.21494, 58.11774, 0.0],
[1861407847, 0, -0.05839, 35.41992, 578160.0, -0.89961, 83.04103, 0.0],
[1882893058, 0, -0.08487, 36.65039, 578160.0, -1.11776, 41.50091, 0.0],
[1906589879, 0, 0.01066, 37.35352, 578160.0, 10.23619, 49.82462, 0.0],
[1929226425, 0, -0.00686, 35.94727, 578160.0, -0.73851, -91.27615, 0.0],
[1954659111, 0, -0.02616, 32.43164, 578160.0, -0.84361, -215.74359, 0.0],
[1979021609, 0, -0.04482, 27.86133, 578160.0, -0.67263, -199.29848, 0.0],
[2001789156, 0, -0.05713, 21.79688, 578160.0, -0.4566, -273.95773, 0.0],
[2028152577, 0, -0.06574, 15.0293, 578160.0, -0.3904, -299.03247, 0.0],
[2051853104, 0, -0.07582, 6.24023, 578160.0, -0.38738, -298.83475, 0.0],
[2073702744, 0, -0.08402, -2.10938, 578160.0, -0.31002, -365.38055, 0.0],
[2095126604, 0, -0.08968, -9.75586, 578160.0, -0.24075, -373.57874, 0.0],
[2121552401, 0, -0.09384, -16.875, 578160.0, -0.17152, -340.2753, 0.0],
[2143023266, 0, -0.09703, -25.04883, 578160.0, -0.11348, -307.22278, 0.0],
[2163795185, 0, -0.09835, -30.41016, 578160.0, -0.06364, -265.63089, 0.0],
[2185855234, 0, -0.09873, -36.29883, 578160.0, -0.01107, -240.77348, 0.0],
[2209177367, 0, -0.0987, -41.13281, 578160.0, 0.0, -224.08376, 0.0],
[2235090645, 0, -0.0987, -45.35156, 578160.0, 0.0, -182.62125, 0.0],
[2258235399, 0, -0.0987, -48.7793, 578160.0, 0.0, -132.85309, 0.0],
[2278867455, 0, -0.09867, -51.67969, 578160.0, 0.0, -124.53802, 0.0],
[2304844559, 0, -0.0987, -53.08594, 578160.0, 0.0, -58.13421, 0.0],
[2328942104, 0, -0.0987, -53.4375, 578160.0, 0.0, -8.29783, 0.0],
[2354569861, 0, -0.0987, -52.99805, 578160.0, 0.0, 24.91466, 0.0],
[2380873711, 0, -0.0987, -51.85547, 578160.0, 0.0, 49.81991, 0.0],
[2403539020, 0, -0.0987, -49.13086, 578160.0, -0.00277, 107.94314, 0.0],
[2428944957, 0, -0.0987, -45.52734, 578160.0, 0.00276, 157.61415, 0.0],
[2451484680, 0, -0.0987, -41.2207, 578160.0, 0.0, 190.92221, 0.0],
[2477882752, 0, -0.0987, -36.03516, 578160.0, -0.00277, 224.21077, 0.0],
[2501199630, 0, -0.09867, -29.26758, 578160.0, 0.0, 257.28134, 0.0],
[2525042089, 0, -0.09867, -22.32422, 578160.0, 0.0, 298.77832, 0.0],
[2547237425, 0, -0.0987, -14.50195, 578160.0, 0.0, 339.40997, 0.0],
[2573646749, 0, -0.0987, -5.88867, 578160.0, 0.0, 373.64932, 0.0],
[2599226594, 0, -0.09867, 4.74609, 578160.0, 0.0, 406.74731, 0.0],
[2620822192, 0, -0.09867, 15.11719, 578160.0, 0.0, 423.46921, 0.0],
[2647183612, 0, -0.09867, 24.08203, 578160.0, 0.0, 414.46112, 0.0],
[2671932860, 0, -0.09867, 34.36523, 578160.0, 0.0, 373.93192, 0.0],
[2698022147, 0, -0.09867, 42.80273, 578160.0, 0.00277, 340.43607, 0.0],
[2720706755, 0, -0.09867, 50.44922, 578160.0, 0.0, 298.91946, 0.0],
[2742860270, 0, -0.09867, 55.63477, 578160.0, 0.0, 247.76534, 0.0],
[2765286322, 0, -0.09867, 59.76562, 578160.0, 0.0, 197.74771, 0.0],
[2791386369, 0, -0.09867, 63.01758, 578160.0, 0.0, 124.56155, 0.0],
[2816389969, 0, -0.09867, 65.21484, 578160.0, 0.0, 74.7228, 0.0],
[2837751304, 0, -0.09867, 65.56641, 578160.0, 0.0, 16.6035, 0.0],
[2859203742, 0, -0.09867, 64.86328, 578160.0, -0.00276, -33.17566, 0.0],
[2880964355, 0, -0.0987, 63.28125, 578160.0, 0.0, -82.77512, 0.0],
[2905365729, 0, -0.09867, 60.20508, 578160.0, 0.0, -132.82799, 0.0],
[2931754645, 0, -0.09867, 55.89844, 578160.0, 0.0, -182.08814, 0.0],
[2958158399, 0, -0.09867, 49.57031, 578160.0, 0.0, -249.14662, 0.0],
[2980243076, 0, -0.09867, 41.74805, 578160.0, -0.00277, -290.47891, 0.0],
[3003073784, 0, -0.09867, 34.36523, 578160.0, 0.0, -336.74567, 0.0],
[3029736785, 0, -0.09867, 25.57617, 578160.0, 0.0, -390.10855, 0.0],
[3052015119, 0, -0.09867, 15.0293, 578160.0, 0.0, -406.70889, 0.0],
[3078063770, 0, -0.09867, 6.15234, 578160.0, 0.0, -406.82419, 0.0],
[3099600357, 0, -0.09867, -4.21875, 578160.0, 0.0, -398.48398, 0.0],
[3125890380, 0, -0.0987, -12.2168, 578160.0, 0.00274, -369.94464, 0.0],
[3147869243, 0, -0.09867, -21.00586, 578160.0, 0.0, -323.82944, 0.0],
[3174206627, 0, -0.0987, -27.33398, 578160.0, 0.0, -282.31284, 0.0],
[3200324815, 0, -0.09867, -34.10156, 578160.0, 0.0, -249.00545, 0.0],
[3221781820, 0, -0.09867, -39.46289, 578160.0, 0.0, -199.35496, 0.0],
[3248160725, 0, -0.09867, -43.33008, 578160.0, 0.0, -166.08206, 0.0],
[3270051997, 0, -0.09867, -46.93359, 578160.0, 0.00277, -132.81545, 0.0],
[3292271783, 0, -0.09867, -49.04297, 578160.0, 0.0, -99.63041, 0.0],
[3316321332, 0, -0.09867, -50.44922, 578160.0, 0.0, -58.10127, 0.0],
[3340824695, 0, -0.09867, -50.97656, 578160.0, 0.0, -16.5988, 0.0],
[3361390298, 0, -0.09867, -50.53711, 578160.0, 0.0, 24.91231, 0.0],
[3383752153, 0, -0.09867, -49.39453, 578160.0, 0.0, 47.29541, 0.0],
[3404322807, 0, -0.09867, -47.37305, 578160.0, 0.0, 90.61739, 0.0],
[3428092480, 0, -0.0987, -44.82422, 578160.0, 0.0, 123.73152, 0.0],
[3451116373, 0, -0.09867, -40.86914, 578160.0, 0.0, 174.25444, 0.0],
[3472577603, 0, -0.09867, -36.5625, 578160.0, 0.0, 207.60257, 0.0],
[3494158657, 0, -0.09867, -31.55273, 578160.0, 0.00277, 240.72801, 0.0],
[3520555085, 0, -0.09867, -25.75195, 578160.0, 0.0, 274.08719, 0.0],
[3542361980, 0, -0.09867, -17.92969, 578160.0, 0.0, 298.8912, 0.0],
[3564831500, 0, -0.09867, -10.54688, 578160.0, 0.0, 332.03864, 0.0],
[3587686997, 0, -0.09867, -2.54883, 578160.0, 0.0, 365.03564, 0.0],
[3611712613, 0, -0.09867, 6.50391, 578160.0, 0.0, 390.03488, 0.0],
[3634745978, 0, -0.09867, 16.17188, 578160.0, 0.0, 398.52164, 0.0],
[3659206422, 0, -0.09867, 24.60938, 578160.0, 0.0, 390.10855, 0.0],
[3685596237, 0, -0.09867, 33.57422, 578160.0, 0.0, 356.90784, 0.0],
[3708131657, 0, -0.09867, 41.92383, 578160.0, 0.0, 323.73767, 0.0],
[3730650002, 0, -0.09867, 48.25195, 578160.0, 0.0, 273.85428, 0.0],
[3757024888, 0, -0.09867, 53.08594, 578160.0, 0.0, 230.66243, 0.0],
[3783395587, 0, -0.09867, 57.56836, 578160.0, 0.0, 157.79286, 0.0],
[3805051520, 0, -0.09867, 60.55664, 578160.0, 0.0, 107.93294, 0.0],
[3831408262, 0, -0.09867, 61.78711, 578160.0, 0.0, 66.33881, 0.0],
[3854834802, 0, -0.09867, 61.875, 578160.0, 0.0, -16.61448, 0.0],
],
[
[50133263, 0, 0.00284, -0.43945, 578160.0, 0.0, 0.0, 0.0],
[72123445, 0, 0.00284, -0.43945, 578160.0, 0.0, 0.0, 0.0],
[92698958, 0, 0.00284, -0.43945, 578160.0, 0.0, -8.30096, 0.0],
[115204505, 0, 0.00284, -0.43945, 578160.0, 0.0, 8.29862, 0.0],
[137325391, 0, 0.00284, -0.35156, 578160.0, 0.0, 0.0, 0.0],
[158561744, 0, 0.00284, -0.35156, 578160.0, 0.0, 0.0, 0.0],
[180588996, 0, 0.00284, -0.43945, 578160.0, 0.0, 0.0, 0.0],
[201773263, 0, 0.00284, -0.35156, 578160.0, 0.0, 0.0, 0.0],
[226155735, 0, 0.00284, -0.43945, 578160.0, 0.0, 0.0, 0.0],
[252181178, 0, 0.00284, -0.43945, 578160.0, 0.0, 0.0, 0.0],
[276682000, 0, 0.00284, -0.43945, 578160.0, 0.0, 0.0, 0.0],
[299514311, 0, 0.00284, -0.43945, 578160.0, 0.0, 0.0, 0.0],
[323106976, 0, 0.00284, -0.43945, 578160.0, 0.0, 0.0, 0.0],
[348262566, 0, 0.00284, -0.43945, 578160.0, 0.0, 0.0, 0.0],
[373747694, 0, 0.00284, -0.43945, 578160.0, 0.0, 0.0, 0.0],
[398097853, 0, 0.00284, -0.43945, 578160.0, 0.0, 0.0, 0.0],
[423218989, 0, 0.00284, -0.43945, 578160.0, 0.0, 0.0, 0.0],
[448184540, 0, 0.00284, -0.43945, 578160.0, 0.0, 0.0, 0.0],
[472521200, 0, 0.00284, -0.43945, 578160.0, 0.0, 0.0, 0.0],
[493101799, 0, 0.00284, -0.43945, 578160.0, 0.0, 0.0, 0.0],
[514951638, 0, 0.00284, -0.43945, 578160.0, 0.0, 0.0, 0.0],
[535897825, 0, 0.00284, -0.43945, 578160.0, 0.0, 0.0, 0.0],
[558166646, 0, 0.00284, -0.43945, 578160.0, 0.0, 0.0, 0.0],
[582201947, 0, 0.00284, -0.43945, 578160.0, 0.0, 0.0, 0.0],
[607653454, 0, 0.00284, -0.43945, 578160.0, 0.0, 0.0, 0.0],
[632244304, 0, 0.00284, -0.43945, 578160.0, 0.0, 0.0, 0.0],
[654485220, 0, 0.00284, -0.43945, 578160.0, 0.0, 0.0, 0.0],
[679121937, 0, 0.00284, -0.43945, 578160.0, 0.0, 0.0, 0.0],
[703038504, 0, 0.00284, -0.43945, 578160.0, 0.0, 0.0, 0.0],
[728457974, 0, 0.00284, -0.43945, 578160.0, 0.0, 0.0, 0.0],
[749728387, 0, 0.00284, -0.43945, 578160.0, 0.0, 0.0, 0.0],
[771956453, 0, 0.00284, -0.43945, 578160.0, 0.0, 0.0, 0.0],
[792502560, 0, 0.00284, -0.43945, 578160.0, 0.0, 0.0, 0.0],
[814268958, 0, 0.00284, -0.43945, 578160.0, 0.0, 0.0, 0.0],
[838772709, 0, 0.00284, -0.43945, 578160.0, 0.0, 0.0, 0.0],
[861851296, 0, 0.00284, -0.43945, 578160.0, 0.0, 0.0, 0.0],
[882987927, 0, 0.00284, -0.43945, 578160.0, 0.0, 0.0, 0.0],
[903611511, 0, 0.00284, -0.43945, 578160.0, 0.0, 0.0, 0.0],
[929132269, 0, 0.00284, -0.43945, 578160.0, 0.0, 0.0, 0.0],
[950676611, 0, 0.00284, -0.43945, 578160.0, 0.0, 0.0, 0.0],
[973621418, 0, 0.00284, -0.43945, 578160.0, 0.0, 0.0, 0.0],
[994114933, 0, 0.00284, -0.43945, 578160.0, 0.0, 0.0, 0.0],
[1014836826, 0, 0.00284, -0.43945, 578160.0, 0.0, 0.0, 0.0],
[1035415297, 0.6, 0.00284, -0.43945, 578160.0, 0.0, 0.0, 0.0],
[1057066518, 0.6, 0.00284, -0.43945, 578160.0, 0.0, 0.0, 0.0],
[1077632508, 0.6, 0.00413, -1.31836, 578160.0, 0.04982, -58.11774, 0.0],
[1098309155, 0.6, 0.0145, -4.48242, 578160.0, 0.58406, -249.12309, 0.0],
[1119391201, 0.6, -0.0842, -9.49219, 578160.0, 1.07113, -357.04266, 0.0],
[1140165359, 0.6, -0.06249, -13.97461, 578160.0, 1.00212, -265.75641, 0.0],
[1160743063, 0.6, -0.04198, -19.24805, 578160.0, 1.09296, -257.32993, 0.0],
[1182289819, 0.6, -0.01506, -23.81836, 578160.0, 1.33705, -260.05475, 0.0],
[1205638475, 0.6, 0.00867, -28.91602, 578160.0, 1.11066, -255.04158, 0.0],
[1229130265, 0.6, -0.07896, -33.66211, 578160.0, 1.49155, -207.54375, 0.0],
[1250363665, -0.6, -0.0518, -37.35352, 578160.0, 1.07379, -166.05067, 0.0],
[1271562088, -0.6, -0.02197, -40.42969, 578160.0, 1.47757, -141.11642, 0.0],
[1294683895, -0.6, 0.00103, -41.2207, 578160.0, 0.99326, -16.60036, 0.0],
[1318647822, -0.6, 0.00343, -39.11133, 578160.0, -0.02213, 166.00363, 0.0],
[1343447691, -0.6, -0.00908, -32.16797, 578160.0, -0.52306, 340.4039, 0.0],
[1367538057, -0.6, -0.03492, -24.60938, 578160.0, -1.0152, 307.04874, 0.0],
[1388551932, -0.6, -0.05924, -14.15039, 578160.0, -0.94926, 464.94192, 0.0],
[1413660646, -0.6, -0.08537, -1.75781, 578160.0, -1.36174, 556.32233, 0.0],
[1434676809, 0.6, 0.00439, 10.10742, 578160.0, 10.14101, 456.5531, 0.0],
[1457489784, 0.6, -0.02127, 23.64258, 578160.0, -1.2207, 606.19952, 0.0],
[1482725309, 0.6, -0.04887, 36.65039, 578160.0, -1.21748, 539.56274, 0.0],
[1504655973, 0.6, -0.04922, 42.80273, 578160.0, -0.00554, 265.75641, 0.0],
[1529100933, 0.6, -0.03475, 42.1875, 578160.0, 0.62075, 24.8302, 0.0],
[1553286322, 0.6, -0.00897, 38.75977, 578160.0, 1.04384, -132.90332, 0.0],
[1576503576, 0.6, 0.01447, 35.50781, 578160.0, 1.01844, -141.14308, 0.0],
[1601288866, 0.6, -0.07286, 30.49805, 578160.0, 1.45752, -240.61438, 0.0],
[1624205347, 0.6, -0.04444, 21.44531, 578160.0, 1.0822, -340.43607, 0.0],
[1648913157, -0.6, -0.01277, 14.58984, 578160.0, 1.48995, -306.26794, 0.0],
[1674400442, -0.6, 0.01679, 6.24023, 578160.0, 1.2237, -340.53256, 0.0],
[1698514480, -0.6, -0.07175, 1.40625, 578160.0, 1.14841, -224.14725, 0.0],
[1721907600, -0.6, -0.07365, 2.72461, 578160.0, -0.09129, 58.09579, 0.0],
[1742651896, -0.6, -0.09267, 7.29492, 578160.0, -0.78889, 257.42718, 0.0],
[1763625171, -0.6, 0.00601, 14.32617, 578160.0, 10.3186, 306.90384, 0.0],
[1784251381, -0.6, -0.01389, 22.85156, 578160.0, -0.93659, 430.99893, 0.0],
[1808145526, -0.6, -0.04178, 30.32227, 578160.0, -1.38432, 355.73202, 0.0],
[1830848756, -0.6, -0.06741, 37.26562, 578160.0, -1.05462, 257.42718, 0.0],
[1855003861, 0, -0.10072, 44.38477, 578160.0, -1.44897, 314.63437, 0.0],
[1875864500, 0, -0.00891, 52.4707, 578160.0, -1.07933, 307.19376, 0.0],
[1901230646, 0, -0.03677, 56.77734, 578160.0, -1.40826, 190.90419, 0.0],
[1921941134, 0, -0.06193, 59.41406, 578160.0, -0.91311, 74.70869, 0.0],
[1943199195, 0, -0.08253, 59.76562, 578160.0, -1.05175, 16.60664, 0.0],
[1963913433, 0, 0.01556, 59.67773, 578160.0, 10.38531, -16.5988, 0.0],
[1984470674, 0, 0.00182, 58.71094, 578160.0, -0.62781, -49.78228, 0.0],
[2005756034, 0, -0.01043, 56.77734, 578160.0, -0.60845, -107.86162, 0.0],
[2026433985, 0, -0.0244, 52.64648, 578160.0, -0.64218, -207.60257, 0.0],
[2047042396, 0, -0.03662, 46.8457, 578160.0, -0.62967, -260.82648, 0.0],
[2067572764, 0, -0.046, 40.25391, 578160.0, -0.48293, -329.27087, 0.0],
[2088294416, 0, -0.05306, 32.34375, 578160.0, -0.33681, -356.13425, 0.0],
[2110070061, 0, -0.05801, 23.64258, 578160.0, -0.24818, -438.46039, 0.0],
[2130790651, 0, -0.0622, 13.53516, 578160.0, -0.19648, -464.89801, 0.0],
[2154002653, 0, -0.06533, 4.57031, 578160.0, -0.15492, -481.36508, 0.0],
[2177378734, 0, -0.06803, -6.5918, 578160.0, -0.11892, -439.74353, 0.0],
[2202920649, 0, -0.06967, -16.25977, 578160.0, -0.07451, -488.46524, 0.0],
[2227494600, 0, -0.07025, -26.54297, 578160.0, -0.01107, -373.71991, 0.0],
[2248144645, 0, -0.07017, -35.24414, 578160.0, 0.00277, -348.67349, 0.0],
[2269409582, 0, -0.07017, -41.04492, 578160.0, 0.0, -274.06128, 0.0],
[2294369385, 0, -0.07017, -47.19727, 578160.0, 0.0, -282.31284, 0.0],
[2319885655, 0, -0.07017, -53.17383, 578160.0, 0.0, -240.81897, 0.0],
[2341694711, 0, -0.07017, -57.74414, 578160.0, 0.0, -149.4456, 0.0],
[2366104636, 0, -0.07017, -60.9082, 578160.0, 0.0, -132.82799, 0.0],
[2388350675, 0, -0.07017, -63.19336, 578160.0, 0.0, -91.31062, 0.0],
[2419134438, 0, -0.07014, -64.42383, 578160.0, 0.0, -49.8152, 0.0],
[2443401879, 0, -0.07017, -64.59961, 578160.0, -0.00277, 16.60664, 0.0],
[2470413988, 0, -0.07014, -63.19336, 578160.0, 0.00277, 66.40772, 0.0],
[2494730105, 0, -0.07017, -60.38086, 578160.0, 0.00277, 99.60218, 0.0],
[2515709594, 0, -0.07017, -57.2168, 578160.0, -0.00277, 141.15642, 0.0],
[2541179979, 0, -0.07017, -53.17383, 578160.0, 0.0, 190.81409, 0.0],
[2566636994, 0, -0.07017, -47.28516, 578160.0, -0.00277, 249.17017, 0.0],
[2587461747, 0, -0.07017, -40.25391, 578160.0, 0.00277, 265.68109, 0.0],
[2612999127, 0, -0.07017, -33.92578, 578160.0, 0.0, 314.27908, 0.0],
[2633882613, 0, -0.07017, -24.52148, 578160.0, 0.0, 373.47293, 0.0],
[2654698702, 0, -0.07014, -16.34766, 578160.0, 0.0, 395.76111, 0.0],
[2680233570, 0, -0.07014, -7.38281, 578160.0, 0.0, 435.30542, 0.0],
[2701569579, 0, -0.07014, 5.36133, 578160.0, 0.0, 481.45602, 0.0],
[2722184367, 0, -0.07014, 15.64453, 578160.0, 0.0, 506.45456, 0.0],
[2743175260, 0, -0.07014, 26.71875, 578160.0, 0.0, 506.35892, 0.0],
[2767946617, 0, -0.07014, 36.29883, 578160.0, 0.0, 491.0976, 0.0],
[2788530513, 0, -0.07014, 47.02148, 578160.0, 0.0, 423.38925, 0.0],
[2813905406, 0, -0.07014, 54.75586, 578160.0, 0.0, 373.54346, 0.0],
[2838284488, 0, -0.07014, 63.19336, 578160.0, 0.0, 315.37714, 0.0],
[2860410390, 0, -0.07014, 69.25781, 578160.0, 0.0, 257.37854, 0.0],
[2882256711, 0, -0.07014, 73.65234, 578160.0, 0.0, 207.13289, 0.0],
[2905002523, 0, -0.07014, 76.9043, 578160.0, 0.0, 157.62903, 0.0],
[2929116195, 0, -0.07014, 79.27734, 578160.0, 0.0, 107.84126, 0.0],
[2951598179, 0, -0.07014, 80.15625, 578160.0, 0.0, 24.89819, 0.0],
[2973580568, 0, -0.07014, 79.62891, 578160.0, 0.0, -33.21014, 0.0],
[2994285573, 0, -0.07014, 77.7832, 578160.0, 0.0, -99.621, 0.0],
[3016295764, 0, -0.07014, 74.79492, 578160.0, 0.0, -157.76305, 0.0],
[3040119049, 0, -0.07014, 70.75195, 578160.0, 0.0, -199.20436, 0.0],
[3063512235, 0, -0.07014, 65.12695, 578160.0, 0.0, -249.05249, 0.0],
[3086864748, 0, -0.07014, 58.18359, 578160.0, 0.0, -298.86301, 0.0],
[3107654468, 0, -0.07014, 50.00977, 578160.0, 0.0, -357.07645, 0.0],
[3128121306, 0, -0.07014, 41.13281, 578160.0, 0.0, -414.93072, 0.0],
[3150480197, 0, -0.07014, 32.51953, 578160.0, 0.0, -446.22919, 0.0],
[3175208356, 0, -0.07014, 21.44531, 578160.0, 0.0, -473.24442, 0.0],
[3198910275, 0, -0.07014, 9.49219, 578160.0, 0.0, -521.09064, 0.0],
[3220310109, 0, -0.07014, -2.02148, 578160.0, 0.0, -481.729, 0.0],
[3241148944, 0, -0.07014, -11.95312, 578160.0, 0.0, -456.59622, 0.0],
[3261816572, 0, -0.07014, -20.21484, 578160.0, 0.0, -417.55139, 0.0],
[3286142046, 0, -0.07014, -28.21289, 578160.0, 0.0, -369.668, 0.0],
[3307687096, 0, -0.07014, -35.94727, 578160.0, 0.0, -323.82944, 0.0],
[3329763022, 0, -0.07014, -42.09961, 578160.0, 0.0, -274.0354, 0.0],
[3351126137, 0, -0.07014, -47.46094, 578160.0, 0.0, -240.77348, 0.0],
[3371762128, 0, -0.07014, -52.03125, 578160.0, 0.0, -199.11035, 0.0],
[3392773748, 0, -0.07014, -55.54688, 578160.0, 0.0, -165.98796, 0.0],
[3413845825, 0, -0.07014, -58.35938, 578160.0, 0.0, -124.46747, 0.0],
[3436157114, 0, -0.07014, -60.20508, 578160.0, 0.0, -102.79605, 0.0],
[3456863670, 0, -0.07014, -61.43555, 578160.0, 0.0, -57.61161, 0.0],
[3477443902, 0, -0.07014, -61.78711, 578160.0, 0.0, -16.44352, 0.0],
[3498277506, 0, -0.07014, -61.17188, 578160.0, 0.0, 16.45584, 0.0],
[3520625287, 0, -0.07014, -59.85352, 578160.0, 0.0, 58.05193, 0.0],
[3542427283, 0, -0.07014, -57.48047, 578160.0, 0.0, 107.91255, 0.0],
[3564705020, 0, -0.07014, -54.31641, 578160.0, 0.0, 140.85036, 0.0],
[3588986534, 0, -0.07014, -50.36133, 578160.0, 0.0, 173.74594, 0.0],
[3613130150, 0, -0.07014, -44.82422, 578160.0, 0.0, 240.81897, 0.0],
[3639880317, 0, -0.07014, -38.75977, 578160.0, 0.0, 282.28616, 0.0],
[3666082392, 0, -0.07014, -30.14648, 578160.0, 0.0, 315.28781, 0.0],
[3686778959, 0, -0.07014, -20.74219, 578160.0, 0.0, 365.34601, 0.0],
[3708448361, 0, -0.07014, -13.0957, 578160.0, 0.0, 406.70889, 0.0],
[3728935874, 0, -0.07014, -3.51562, 578160.0, 0.0, 448.37918, 0.0],
[3749946432, 0, -0.07014, 6.67969, 578160.0, 0.0, 489.94208, 0.0],
[3772146281, 0, -0.07014, 16.61133, 578160.0, 0.0, 481.15305, 0.0],
[3792747131, 0, -0.07014, 27.07031, 578160.0, 0.0, 486.12985, 0.0],
[3814168332, 0, -0.07014, 36.38672, 578160.0, 0.0, 460.41861, 0.0],
[3835487040, 0, -0.07014, 45.35156, 578160.0, 0.0, 414.85239, 0.0],
[3856774902, 0, -0.07014, 52.82227, 578160.0, 0.0, 364.79459, 0.0],
],
[
[50092410, 0, -0.07014, -0.17578, 578160.0, 0.0, 0.0, 0.0],
[73798546, 0, -0.07014, -0.17578, 578160.0, 0.0, 0.0, 0.0],
[96044368, 0, -0.07014, -0.17578, 578160.0, 0.0, 0.0, 0.0],
[119682719, 0, -0.07014, -0.17578, 578160.0, 0.0, 0.0, 0.0],
[143317179, 0, -0.07014, -0.17578, 578160.0, 0.0, 0.0, 0.0],
[168277424, 0, -0.07014, -0.17578, 578160.0, 0.0, 0.0, 0.0],
[191045273, 0, -0.07014, -0.17578, 578160.0, 0.0, 0.0, 0.0],
[214200221, 0, -0.07014, -0.17578, 578160.0, 0.0, 0.0, 0.0],
[239785199, 0, -0.07014, -0.17578, 578160.0, 0.0, 0.0, 0.0],
[260432986, 0, -0.07014, -0.17578, 578160.0, 0.0, 0.0, 0.0],
[280917957, 0, -0.07014, -0.17578, 578160.0, 0.0, 0.0, 0.0],
[303286376, 0, -0.07014, -0.17578, 578160.0, 0.0, 0.0, 0.0],
[324048844, 0, -0.07014, -0.17578, 578160.0, 0.0, 0.0, 0.0],
[348163776, 0, -0.07014, -0.17578, 578160.0, 0.0, 0.0, 0.0],
[373665967, 0, -0.07014, -0.17578, 578160.0, 0.0, 0.0, 0.0],
[397081823, 0, -0.07014, -0.17578, 578160.0, 0.0, 0.0, 0.0],
[419095239, 0, -0.07014, -0.17578, 578160.0, 0.0, 0.0, 0.0],
[440660002, 0, -0.07014, -0.17578, 578160.0, 0.0, 0.0, 0.0],
[462538079, 0, -0.07014, -0.17578, 578160.0, 0.0, 0.0, 0.0],
[483196176, 0, -0.07014, -0.17578, 578160.0, 0.0, 0.0, 0.0],
[505240170, 0, -0.07014, -0.17578, 578160.0, 0.0, 0.0, 0.0],
[529414673, 0, -0.07014, -0.17578, 578160.0, 0.0, 0.0, 0.0],
[552304724, 0, -0.07014, -0.17578, 578160.0, 0.0, 0.0, 0.0],
[573947424, 0, -0.07014, -0.17578, 578160.0, 0.0, 0.0, 0.0],
[594603844, 0, -0.07014, -0.17578, 578160.0, 0.0, 0.0, 0.0],
[616463446, 0, -0.07014, -0.17578, 578160.0, 0.0, 0.0, 0.0],
[641466487, 0, -0.07014, -0.17578, 578160.0, 0.0, 0.0, 0.0],
[666730156, 0, -0.07014, -0.17578, 578160.0, 0.0, 0.0, 0.0],
[690628850, 0, -0.07014, -0.17578, 578160.0, 0.0, 0.0, 0.0],
[713404705, 0, -0.07014, -0.17578, 578160.0, 0.0, 0.0, 0.0],
[734268810, 0, -0.07014, -0.17578, 578160.0, 0.0, 0.0, 0.0],
[756694490, 0, -0.07014, -0.17578, 578160.0, 0.0, 0.0, 0.0],
[777638673, 0, -0.07014, -0.17578, 578160.0, 0.0, 0.0, 0.0],
[805097549, 0, -0.07014, -0.17578, 578160.0, 0.0, 0.0, 0.0],
[828283655, 0, -0.07014, -0.17578, 578160.0, 0.0, 0.0, 0.0],
[850909827, 0, -0.07014, -0.17578, 578160.0, 0.0, 0.0, 0.0],
[871813455, 0, -0.07014, -0.17578, 578160.0, 0.0, 0.0, 0.0],
[895555698, 0, -0.07014, -0.17578, 578160.0, 0.0, 0.0, 0.0],
[917108173, 0, -0.07014, -0.17578, 578160.0, 0.0, 0.0, 0.0],
[939464822, 0, -0.07014, -0.17578, 578160.0, 0.0, 0.0, 0.0],
[964977835, 0, -0.07014, -0.17578, 578160.0, 0.0, 0.0, 0.0],
[989778330, 0, -0.07014, -0.17578, 578160.0, 0.0, 0.0, 0.0],
[1012602517, 0, -0.07014, -0.17578, 578160.0, 0.0, 0.0, 0.0],
[1037264837, 0.7, -0.07014, -0.17578, 578160.0, 0.0, 0.0, 0.0],
[1057939863, 0.7, -0.07014, -0.17578, 578160.0, 0.0, 0.0, 0.0],
[1078677094, 0.7, -0.06896, -1.14258, 578160.0, 0.01661, 0.0, 0.0],
[1102200415, 0.7, -0.05728, -4.83398, 578160.0, 0.56186, -166.06636, 0.0],
[1125585497, 0.7, -0.03442, -10.2832, 578160.0, 0.99077, -323.79883, 0.0],
[1148057646, 0.7, -0.00419, -17.31445, 578160.0, 1.3445, -307.07773, 0.0],
[1172072427, 0.7, -0.0968, -23.64258, 578160.0, 1.16691, -281.38242, 0.0],
[1195115088, 0.7, -0.06, -29.9707, 578160.0, 1.3094, -224.23198, 0.0],
[1216959042, 0.7, -0.02616, -35.94727, 578160.0, 1.61577, -224.10492, 0.0],
[1241198817, -0.7, 0.00457, -40.42969, 578160.0, 1.31469, -199.27965, 0.0],
[1266412367, -0.7, -0.07767, -44.38477, 578160.0, -9.6273, -141.08977, 0.0],
[1287805313, -0.7, -0.05042, -46.31836, 578160.0, 1.16778, -99.621, 0.0],
[1308559545, -0.7, -0.05027, -44.91211, 578160.0, 0.07724, 66.20139, 0.0],
[1329382139, -0.7, -0.0619, -39.72656, 578160.0, -0.56053, 298.21512, 0.0],
[1353019915, -0.7, -0.08455, -33.75, 578160.0, -1.05517, 264.48184, 0.0],
[1374835815, -0.7, 0.00316, -23.99414, 578160.0, 9.95004, 398.3335, 0.0],
[1402645682, -0.7, -0.02569, -12.48047, 578160.0, -1.19882, 519.67236, 0.0],
[1433391333, -0.7, -0.0646, 1.66992, 578160.0, -1.23166, 423.46921, 0.0],
[1463341702, 0.7, 0.00715, 20.47852, 578160.0, 9.77208, 622.86658, 0.0],
[1484536686, 0.7, -0.03612, 39.19922, 578160.0, -1.73279, 622.80768, 0.0],
[1505920941, 0.7, -0.0622, 50.27344, 578160.0, -0.93828, 473.28915, 0.0],
[1529432684, 0.7, -0.06612, 55.01953, 578160.0, 0.01107, 199.26082, 0.0],
[1551030551, 0.7, -0.05461, 55.54688, 578160.0, 0.59789, -16.60821, 0.0],
[1576504871, 0.7, -0.03199, 52.73438, 578160.0, 1.17331, -157.73325, 0.0],
[1600089528, 0.7, 0.00158, 45.9668, 578160.0, 1.25645, -298.8912, 0.0],
[1625581841, 0.7, -0.08508, 39.375, 578160.0, -9.9188, -290.67105, 0.0],
[1648057725, -0.7, -0.05039, 30.9375, 578160.0, 1.25704, -340.56476, 0.0],
[1672047580, -0.7, -0.01233, 21.44531, 578160.0, 1.71765, -414.89157, 0.0],
[1695806633, -0.7, 0.01368, 14.0625, 578160.0, 1.05156, -265.65598, 0.0],
[1721282571, -0.7, 0.01462, 14.0625, 578160.0, 0.02768, 41.52052, 0.0],
[1742866427, -0.7, -0.00234, 20.47852, 578160.0, -0.75851, 265.75641, 0.0],
[1766448372, -0.7, -0.02543, 26.01562, 578160.0, -0.99476, 291.34143, 0.0],
[1787981770, -0.7, -0.05783, 34.27734, 578160.0, -1.1876, 332.19553, 0.0],
[1809304612, -0.7, -0.08616, 40.60547, 578160.0, -1.5798, 315.40689, 0.0],
[1834796515, 0, 0.00211, 47.8125, 578160.0, -1.28653, 315.40689, 0.0],
[1859197837, 0, -0.03762, 53.52539, 578160.0, -1.64928, 232.449, 0.0],
[1883491481, 0, -0.06794, 57.56836, 578160.0, -1.20917, 199.22319, 0.0],
[1905134321, 0, 0.01614, 60.73242, 578160.0, -1.5415, 124.53802, 0.0],
[1929388034, 0, -0.0056, 62.49023, 578160.0, -1.03896, 98.94807, 0.0],
[1950323985, 0, -0.03155, 61.61133, 578160.0, -1.17387, -58.13971, 0.0],
[1977502911, 0, -0.05209, 58.27148, 578160.0, -0.84417, -199.27965, 0.0],
[2007739548, 0, -0.07163, 52.73438, 578160.0, -0.68628, -207.54375, 0.0],
[2028519933, 0, -0.09472, 45.0, 578160.0, -0.78365, -282.44623, 0.0],
[2054018419, 0, 0.01304, 38.32031, 578160.0, 10.75907, -356.97522, 0.0],
[2079387295, 0, 0.00223, 26.98242, 578160.0, -0.40129, -448.33682, 0.0],
[2102948842, 0, -0.0056, 15.55664, 578160.0, -0.30454, -473.42331, 0.0],
[2128374455, 0, -0.0121, 4.39453, 578160.0, -0.27114, -456.51001, 0.0],
[2149337600, 0, -0.01805, -8.26172, 578160.0, -0.23522, -423.38925, 0.0],
[2170164810, 0, -0.02206, -17.92969, 578160.0, -0.17987, -456.59622, 0.0],
[2191369980, 0, -0.02487, -26.45508, 578160.0, -0.13552, -406.55533, 0.0],
[2214529197, 0, -0.02678, -34.62891, 578160.0, -0.08576, -373.47293, 0.0],
[2240089025, 0, -0.02772, -42.36328, 578160.0, -0.04151, -356.97522, 0.0],
[2264194565, 0, -0.02792, -50.09766, 578160.0, -0.00553, -298.77832, 0.0],
[2288235602, 0, -0.02789, -56.07422, 578160.0, 0.0, -257.40286, 0.0],
[2310310511, 0, -0.02789, -61.61133, 578160.0, 0.00277, -224.08376, 0.0],
[2333019115, 0, -0.02789, -65.56641, 578160.0, -0.00277, -174.33675, 0.0],
[2358584533, 0, -0.02789, -68.29102, 578160.0, 0.0, -107.8718, 0.0],
[2380447024, 0, -0.02789, -70.57617, 578160.0, 0.0, -91.302, 0.0],
[2405724853, 0, -0.02789, -71.36719, 578160.0, 0.0, -41.36808, 0.0],
[2430477152, 0, -0.02786, -70.83984, 578160.0, 0.00277, 41.50091, 0.0],
[2455775828, 0, -0.02789, -69.08203, 578160.0, 0.0, 74.71575, 0.0],
[2480457623, 0, -0.02789, -66.18164, 578160.0, 0.00277, 116.24646, 0.0],
[2505765099, 0, -0.02789, -62.22656, 578160.0, 0.0, 165.42561, 0.0],
[2536254060, 0, -0.02789, -57.12891, 578160.0, 0.0, 207.56334, 0.0],
[2557262957, 0, -0.02789, -49.21875, 578160.0, 0.0, 282.44623, 0.0],
[2577851987, 0, -0.02789, -42.53906, 578160.0, 0.0, 315.46649, 0.0],
[2598366755, 0, -0.02789, -35.50781, 578160.0, 0.0, 348.67349, 0.0],
[2622317000, 0, -0.02789, -28.21289, 578160.0, 0.0, 367.23102, 0.0],
[2646286416, 0, -0.02789, -17.57812, 578160.0, 0.0, 431.93579, 0.0],
[2669021236, 0, -0.02789, -6.41602, 578160.0, 0.0, 481.54697, 0.0],
[2694088223, 0, -0.02789, 5.97656, 578160.0, 0.0, 522.96088, 0.0],
[2716261592, 0, -0.02789, 19.86328, 578160.0, 0.0, 547.86377, 0.0],
[2738790133, 0, -0.02789, 31.81641, 578160.0, 0.0, 547.39844, 0.0],
[2762435995, 0, -0.02789, 42.97852, 578160.0, 0.0, 513.93176, 0.0],
[2784790354, 0, -0.02789, 54.14062, 578160.0, 0.0, 431.97659, 0.0],
[2808082791, 0, -0.02789, 62.57812, 578160.0, 0.0, 373.57874, 0.0],
[2832870775, 0, -0.02789, 70.22461, 578160.0, 0.0, 315.55591, 0.0],
[2855740517, 0, -0.02789, 76.9043, 578160.0, 0.0, 265.63089, 0.0],
[2880495931, 0, -0.02789, 81.73828, 578160.0, -0.00277, 199.24199, 0.0],
[2903861197, 0, -0.02789, 85.16602, 578160.0, 0.0, 141.0365, 0.0],
[2925225803, 0, -0.02789, 87.01172, 578160.0, 0.0, 66.43282, 0.0],
[2950014790, 0, -0.02789, 87.62695, 578160.0, 0.0, 47.50845, 0.0],
[2974274601, 0, -0.02789, 87.1875, 578160.0, 0.0, -33.21327, 0.0],
[2999597684, 0, -0.02789, 85.07812, 578160.0, 0.0, -99.60218, 0.0],
[3022026541, 0, -0.02789, 80.94727, 578160.0, 0.0, -149.40328, 0.0],
[3043221989, 0, -0.02789, 75.84961, 578160.0, 0.0, -222.133, 0.0],
[3068266027, 0, -0.02789, 69.78516, 578160.0, 0.0, -279.35693, 0.0],
[3088999288, 0, -0.02789, 61.61133, 578160.0, 0.0, -340.5004, 0.0],
[3109925170, 0, -0.02789, 53.70117, 578160.0, 0.0, -406.86261, 0.0],
[3133191812, 0, -0.02789, 44.82422, 578160.0, 0.0, -434.74991, 0.0],
[3153831947, 0, -0.02789, 33.39844, 578160.0, -0.00277, -506.69391, 0.0],
[3185627652, 0, -0.02789, 22.41211, 578160.0, 0.0, -539.46088, 0.0],
[3210635333, 0, -0.02789, 4.83398, 578160.0, 0.0, -531.41235, 0.0],
[3231303585, 0, -0.02789, -7.91016, 578160.0, 0.0, -506.26328, 0.0],
[3252212477, 0, -0.02789, -17.49023, 578160.0, 0.0, -456.72565, 0.0],
[3276767532, 0, -0.02789, -26.45508, 578160.0, 0.0, -414.93072, 0.0],
[3300038247, 0, -0.02789, -35.5957, 578160.0, 0.0, -365.17352, 0.0],
[3323679361, 0, -0.02789, -43.1543, 578160.0, 0.0, -315.52609, 0.0],
[3344413374, 0, -0.02789, -49.74609, 578160.0, 0.0, -290.50638, 0.0],
[3369861811, 0, -0.02789, -54.49219, 578160.0, 0.0, -231.39986, 0.0],
[3392055554, 0, -0.02789, -59.58984, 578160.0, 0.0, -191.01242, 0.0],
[3413377795, 0, -0.02789, -63.19336, 578160.0, 0.0, -141.12975, 0.0],
[3435648121, 0, -0.02789, -65.47852, 578160.0, 0.0, -107.92274, 0.0],
[3461288777, 0, -0.02789, -67.14844, 578160.0, 0.0, -66.42027, 0.0],
[3486795817, 0, -0.02789, -67.67578, 578160.0, 0.0, -24.90996, 0.0],
[3511200562, 0, -0.02789, -67.06055, 578160.0, 0.0, 24.89819, 0.0],
[3536628305, 0, -0.02789, -65.21484, 578160.0, 0.0, 91.32787, 0.0],
[3560910308, 0, -0.02789, -62.22656, 578160.0, 0.0, 124.51448, 0.0],
[3585144273, 0, -0.02789, -57.91992, 578160.0, 0.0, 165.80008, 0.0],
[3606402067, 0, -0.02789, -52.99805, 578160.0, -0.00277, 224.14725, 0.0],
[3632578676, 0, -0.02789, -47.46094, 578160.0, 0.0, 265.70618, 0.0],
[3655923634, 0, -0.02789, -39.55078, 578160.0, 0.0, 298.77832, 0.0],
[3676460674, 0, -0.02789, -31.72852, 578160.0, 0.0, 331.94458, 0.0],
[3700078848, 0, -0.02789, -23.90625, 578160.0, 0.0, 372.45297, 0.0],
[3722451980, 0, -0.02789, -13.97461, 578160.0, 0.0, 423.22934, 0.0],
[3747938220, 0, -0.02789, -3.69141, 578160.0, 0.0, 471.86264, 0.0],
[3770001649, 0, -0.02789, 9.93164, 578160.0, 0.0, 523.05963, 0.0],
[3793057813, 0, -0.02789, 21.44531, 578160.0, 0.0, 531.26178, 0.0],
[3814923743, 0, -0.02789, 33.57422, 578160.0, -0.00277, 514.5141, 0.0],
[3838451061, 0, -0.02789, 43.94531, 578160.0, 0.0, 464.81018, 0.0],
],
[
[
[58813203, 0, 0.0, 0.0, 0.0, 0.0, 0.0, 0.0],
[90909025, 0, 0.0, 0.0, 0.0, 0.0, 0.0, 0.0],
[125986363, 0, 0.0, 0.0, 0.0, 0.0, 0.0, 0.0],
[158445255, 0, 0.0, 0.0, 0.0, 0.0, 0.0, 0.0],
[189878419, 0, 0.0, 0.0, 0.0, 0.0, 0.0, 0.0],
[221169071, 0, 0.0, 0.0, 0.0, 0.0, 0.0, 0.0],
[257552236, 0, 0.0, 0.0, 0.0, 0.0, 0.0, 0.0],
[291120844, 0, 0.0, 0.0, 0.0, 0.0, 0.0, 0.0],
[322533206, 0, 0.0, 0.0, 0.0, 0.0, 0.0, 0.0],
[358324358, 0, 0.0, 0.0, 0.0, 0.0, 0.0, 0.0],
[393316576, 0, 0.0, 0.0, 0.0, 0.0, 0.0, 0.0],
[428410159, 0, 0.0, 0.0, 0.0, 0.0, 0.0, 0.0],
[459892456, 0, 0.0, 0.0, 0.0, 0.0, 0.0, 0.0],
[491069387, 0, 0.0, 0.0, 0.0, 0.0, 0.0, 0.0],
[526091753, 0, 0.0, 0.0, 0.0, 0.0, 0.0, 0.0],
[557853673, 0, 0.0, 0.0, 0.0, 0.0, 0.0, 0.0],
[592255629, 0, 0.0, 0.0, 0.0, 0.0, 0.0, 0.0],
[627577932, 0, 0.0, 0.0, 0.0, 0.0, 0.0, 0.0],
[658438548, 0, 0.0, 0.0, 0.0, 0.0, 0.0, 0.0],
[693399114, 0, 0.0, 0.0, 0.0, 0.0, 0.0, 0.0],
[724813931, 0, 0.0, 0.0, 0.0, 0.0, 0.0, 0.0],
[759215274, 0, 0.0, 0.0, 0.0, 0.0, 0.0, 0.0],
[794522999, 0, 0.0, 0.0, 0.0, 0.0, 0.0, 0.0],
[830244979, 0, 0.0, 0.0, 0.0, 0.0, 0.0, 0.0],
[865694739, 0, 0.0, 0.0, 0.0, 0.0, 0.0, 0.0],
[899558883, 0, 0.0, 0.0, 0.0, 0.0, 0.0, 0.0],
[933491428, 0, 0.0, 0.0, 0.0, 0.0, 0.0, 0.0],
[969871014, 0, 0.0, 0.0, 0.0, 0.0, 0.0, 0.0],
[1004092213, 0, 0.0, 0.0, 0.0, 0.0, 0.0, 0.0],
[1040324048, 0.8, 0.0, 0.0, 0.0, 0.0, 0.0, 0.0],
[1074928764, 0.8, 0.0, 0.0, 0.0, 0.0, 0.0, 0.0],
[3874588280, 0, 0.0, 0.0, 0.0, 0.0, 0.0, 0.0],
]
